619|173.16|368.4300000000000000
619|275.57|368.4300000000000000
619|464.26|368.4300000000000000
619|560.73|368.4300000000000000
30|165.67|384.7625000000000000
30|322.17|384.7625000000000000
30|423.58|384.7625000000000000
30|627.63|384.7625000000000000
827|82.44|392.5225000000000000
827|747.12|392.5225000000000000
296|191.78|408.2975000000000000
296|307.84|408.2975000000000000
296|722.90|408.2975000000000000
308|209.12|413.8375000000000000
308|214.07|413.8375000000000000
308|590.19|413.8375000000000000
308|641.97|413.8375000000000000
554|191.48|420.6250000000000000
554|346.80|420.6250000000000000
554|711.57|420.6250000000000000
56|125.11|437.8900000000000000
56|500.77|437.8900000000000000
56|709.04|437.8900000000000000
394|264.65|439.1250000000000000
394|290.93|439.1250000000000000
394|750.92|439.1250000000000000
621|245.68|444.3675000000000000
621|716.33|444.3675000000000000
486|190.77|448.4475000000000000
486|495.59|448.4475000000000000
486|519.08|448.4475000000000000
486|588.35|448.4475000000000000
271|86.87|457.8800000000000000
271|92.77|457.8800000000000000
271|284.94|457.8800000000000000
271|1366.94|457.8800000000000000
662|199.83|459.9350000000000000
662|300.61|459.9350000000000000
662|652.14|459.9350000000000000
662|687.16|459.9350000000000000
652|228.75|461.2850000000000000
652|350.90|461.2850000000000000
652|368.26|461.2850000000000000
652|897.23|461.2850000000000000
732|114.02|462.7575000000000000
732|300.77|462.7575000000000000
732|532.75|462.7575000000000000
732|903.49|462.7575000000000000
235|111.64|466.4050000000000000
235|179.51|466.4050000000000000
235|1075.09|466.4050000000000000
159|171.90|470.3975000000000000
159|193.69|470.3975000000000000
159|577.13|470.3975000000000000
159|938.87|470.3975000000000000
171|158.16|473.1750000000000000
171|343.72|473.1750000000000000
171|900.09|473.1750000000000000
517|194.87|474.0925000000000000
517|313.41|474.0925000000000000
517|901.36|474.0925000000000000
439|109.14|476.0250000000000000
439|223.49|476.0250000000000000
439|640.94|476.0250000000000000
439|930.53|476.0250000000000000
104|104.70|476.4200000000000000
104|222.56|476.4200000000000000
104|730.86|476.4200000000000000
104|847.56|476.4200000000000000
208|151.84|478.6975000000000000
208|207.02|478.6975000000000000
208|556.73|478.6975000000000000
208|999.20|478.6975000000000000
507|194.35|480.4525000000000000
507|770.82|480.4525000000000000
147|213.99|482.8575000000000000
147|431.98|482.8575000000000000
147|553.92|482.8575000000000000
147|731.54|482.8575000000000000
728|41.17|486.8300000000000000
728|369.89|486.8300000000000000
728|692.68|486.8300000000000000
728|843.58|486.8300000000000000
247|313.42|486.8800000000000000
247|374.82|486.8800000000000000
247|753.85|486.8800000000000000
99|170.41|488.6550000000000000
99|199.19|488.6550000000000000
99|425.13|488.6550000000000000
99|1159.89|488.6550000000000000
327|145.71|489.1150000000000000
327|834.72|489.1150000000000000
242|148.80|489.9400000000000000
242|196.73|489.9400000000000000
242|390.68|489.9400000000000000
242|1223.55|489.9400000000000000
221|187.61|492.0125000000000000
221|440.53|492.0125000000000000
221|643.18|492.0125000000000000
221|696.73|492.0125000000000000
