698|214.34
822|463.68
929|539.60
464|641.96
938|858.22
697|959.48
682|1074.64
741|1195.96
672|1849.65
812|2069.00
838|2256.80
910|2291.67
899|2355.04
990|2370.68
963|2380.92
832|2684.32
692|2773.42
564|3210.59
797|3485.44
974|3527.17
704|3694.66
738|3718.89
785|3817.81
853|3850.44
937|3968.27
737|4284.65
821|4359.26
770|4469.59
942|4618.19
849|5099.82
939|5122.92
947|5465.04
774|5557.82
607|5770.19
860|5957.46
472|6060.92
951|6204.61
668|6215.62
766|6237.09
783|6341.40
799|6421.41
794|6474.90
529|6476.80
928|6673.04
358|6689.10
946|6817.54
795|6859.76
793|6871.33
811|6887.18
887|6998.14
798|7013.41
961|7098.23
806|7143.83
772|7196.00
880|7202.52
709|7247.76
696|7732.80
784|7894.58
780|7973.56
839|8299.55
710|8348.69
828|8398.05
842|8879.82
981|8899.15
824|8948.60
567|9226.08
773|9431.83
476|9453.65
872|9568.23
430|9891.62
678|9976.96
977|10194.51
705|10202.62
445|10211.38
789|10376.28
936|10760.28
733|10766.47
1000|10992.09
898|11082.08
965|11158.41
844|11348.42
954|11383.41
402|11416.99
99|11785.13
655|11808.87
493|12279.15
810|12598.51
870|12927.40
968|12960.37
385|12992.19
826|13220.38
590|13381.82
432|13489.75
723|13736.02
718|13768.98
969|14056.98
400|14071.93
299|14086.39
423|14122.50
840|14129.39
