2001|2002|9011004|11|9|730|6352|3997|-2355|-76717.03
2001|2002|2001001|7|9|85|6137|3879|-2258|-93154.51
2001|2002|9003002|3|9|331|6668|4410|-2258|-173015.39
2001|2002|9004008|4|9|454|6282|4141|-2141|-138516.67
2001|2002|9003002|3|9|1000|6428|4342|-2086|-63753.49
2001|2002|9016002|16|9|761|6301|4233|-2068|-83105.06
2001|2002|9011010|11|9|254|6985|5021|-1964|-99054.72
2001|2002|3004001|1|9|89|6554|4655|-1899|-114567.21
2001|2002|9014004|12|9|423|6642|4800|-1842|-69937.65
2001|2002|9009010|1|9|311|7069|5227|-1842|-148483.13
2001|2002|9003004|3|9|25|6565|4798|-1767|-106992.20
2001|2002|9006010|6|9|373|6764|5006|-1758|-44248.41
2001|2002|1001001|5|9|172|5781|4151|-1630|-68572.37
2001|2002|8007009|9|9|322|5761|4211|-1550|-21795.29
2001|2002|9008008|8|9|322|5529|4028|-1501|-59980.32
2001|2002|8015003|4|9|289|6635|5175|-1460|-139263.30
2001|2002|9002004|2|9|578|6392|4983|-1409|-50184.65
2001|2002|9007002|7|9|207|6803|5407|-1396|-34345.13
2001|2002|3003001|1|9|175|6492|5137|-1355|-68844.08
2001|2002|9015003|15|9|278|5338|3989|-1349|-61211.89
2001|2002|5001001|10|9|136|5510|4168|-1342|-59354.50
2001|2002|10002014|1|9|12|6026|4714|-1312|-75856.21
2001|2002|9010004|3|9|948|5837|4554|-1283|-34550.99
2001|2002|9002008|2|9|202|5947|4684|-1263|-26509.87
2001|2002|9015002|15|9|303|5622|4362|-1260|-68246.63
2001|2002|9009002|9|9|633|6211|4956|-1255|-49892.73
2001|2002|4003001|6|9|356|6191|4940|-1251|-24996.93
2001|2002|9008008|8|9|82|6175|4947|-1228|-79034.91
2001|2002|9007004|7|9|968|5770|4563|-1207|-93647.92
2001|2002|9014010|2|9|727|6672|5479|-1193|-45166.61
2001|2002|9006008|6|9|156|6188|4998|-1190|-28953.23
2001|2002|10015001|1|9|399|6427|5245|-1182|-81329.65
2001|2002|9003002|3|9|130|5849|4676|-1173|-125062.95
2001|2002|9010008|10|9|621|6454|5291|-1163|-3935.06
2001|2002|8002001|13|9|268|5803|4641|-1162|-57181.28
2001|2002|9008008|8|9|535|6264|5103|-1161|-73002.00
2001|2002|9016004|8|9|114|5713|4555|-1158|-56982.47
2001|2002|9004008|4|9|256|5583|4431|-1152|-90852.54
2001|2002|9004002|4|9|55|5725|4576|-1149|18314.74
2001|2002|9010002|10|9|432|5389|4245|-1144|-30566.01
2001|2002|5001001|6|9|201|5984|4840|-1144|-5910.58
2001|2002|1001001|1|9|183|5674|4537|-1137|-42577.53
2001|2002|9012010|12|9|268|5712|4583|-1129|-25396.41
2001|2002|9016010|16|9|662|5546|4420|-1126|-26723.61
2001|2002|2004001|16|9|443|5613|4495|-1118|-43693.29
2001|2002|8015005|11|9|898|5775|4658|-1117|-39499.09
2001|2002|9009008|9|9|3|5982|4866|-1116|-59989.12
2001|2002|4002001|2|9|891|6343|5233|-1110|-56003.19
2001|2002|9015002|15|9|531|6334|5226|-1108|-34296.51
2001|2002|9006004|6|9|620|4959|3858|-1101|-11769.37
2001|2002|9006010|6|9|100|5509|4415|-1094|-74588.27
2001|2002|9012008|12|9|249|5350|4257|-1093|-10045.42
2001|2002|9003002|3|9|238|5984|4930|-1054|-67907.56
2001|2002|9007002|7|9|306|5690|4640|-1050|-78220.30
2001|2002|2001001|1|9|151|6396|5375|-1021|-9798.86
2001|2002|9003010|3|9|269|6653|5640|-1013|-60131.69
2001|2002|9010008|10|9|171|6633|5624|-1009|-74733.64
2001|2002|7007001|12|9|221|6362|5366|-996|9982.68
2001|2002|10011013|11|9|123|6461|5471|-990|-62785.30
2001|2002|2001001|1|9|177|5781|4804|-977|-45880.79
2001|2002|9005002|5|9|226|6718|5747|-971|-74757.46
2001|2002|9008008|8|9|283|5570|4608|-962|-53233.72
2001|2002|4001001|15|9|42|5708|4750|-958|-88792.17
2001|2002|9012004|12|9|808|6105|5149|-956|-40828.01
2001|2002|9007008|7|9|766|5564|4617|-947|-50672.82
2001|2002|9005002|5|9|105|5877|4933|-944|-70713.23
2001|2002|9014008|14|9|904|5707|4764|-943|-53306.49
2001|2002|4004001|10|9|105|5671|4734|-937|-27223.60
2001|2002|9011002|11|9|372|5354|4423|-931|-73739.26
2001|2002|4004001|4|9|138|5765|4839|-926|-42384.85
2001|2002|9011004|3|9|115|5192|4267|-925|-30661.94
2001|2002|10005001|5|9|65|6224|5301|-923|-56886.34
2001|2002|5002001|2|9|230|5919|5004|-915|-13456.81
2001|2002|3003001|9|9|210|5842|4937|-905|-19144.11
2001|2002|9007008|7|9|122|6213|5317|-896|-98588.84
2001|2002|9002002|2|9|556|6015|5123|-892|6572.37
2001|2002|9004002|4|9|515|5490|4609|-881|-31854.24
2001|2002|9001008|1|9|258|5873|4996|-877|-67365.91
2001|2002|9010004|10|9|110|5149|4272|-877|-82547.54
2001|2002|9005002|5|9|379|5866|4990|-876|-69333.57
2001|2002|9016008|16|9|134|5596|4721|-875|-92867.00
2001|2002|9013010|12|9|28|5769|4899|-870|-55008.32
2001|2002|9011004|3|9|140|4782|3914|-868|-21239.29
2001|2002|9015008|15|9|281|5635|4768|-867|31129.38
2001|2002|1003001|3|9|242|5798|4933|-865|-10104.56
2001|2002|9002008|2|9|603|5621|4761|-860|3905.73
2001|2002|1003001|11|9|42|5476|4633|-843|-874.23
2001|2002|9013010|13|9|323|6438|5597|-841|-47496.54
2001|2002|9003008|3|9|382|5331|4493|-838|-10278.52
2001|2002|9013010|3|9|235|5814|4984|-830|-80388.99
2001|2002|9013010|13|9|288|5687|4864|-823|22205.97
2001|2002|6010005|10|9|168|5670|4857|-813|-49260.97
2001|2002|9015008|15|9|384|5489|4677|-812|-44382.69
2001|2002|9011002|11|9|42|6026|5214|-812|-85351.70
2001|2002|2001001|1|9|53|5845|5035|-810|-7956.06
2001|2002|9004010|12|9|773|4765|3962|-803|-62056.41
2001|2002|5002001|2|9|189|5638|4837|-801|12981.01
2001|2002|6012003|9|9|48|5744|4945|-799|21904.72
2001|2002|9010002|10|9|351|5553|4757|-796|-50110.18
2001|2002|9005002|5|9|35|6262|5468|-794|-18530.07
