2001|3|4894|10.00|10|57.17|16.46|0|0|0
2001|5|73458|10.00|10|77.51|99.11|0|0|0
2001|5|74599|10.00|10|17.56|11.22|0|0|0
2001|7|25323|10.00|10|74.10|52.98|0|0|0
2001|9|47608|10.00|10|15.87|19.99|0|0|0
2001|11|90483|10.00|10|59.54|24.88|0|0|0
2001|13|1235|10.00|10|46.78|32.81|0|0|0
2001|13|88774|10.00|10|23.02|2.61|0|0|0
2001|15|14626|10.00|10|32.06|15.79|0|0|0
2001|17|26199|10.00|10|38.93|48.64|0|0|0
2001|19|84612|10.00|10|83.90|40.48|0|0|0
2001|19|91416|10.00|10|45.20|25.16|0|0|0
2001|25|9069|10.00|10|41.30|26.76|0|0|0
2001|33|18515|10.00|10|45.66|0.00|0|0|0
2001|37|2260|10.00|10|71.81|15.95|0|0|0
2001|37|36013|10.00|10|50.40|66.64|0|0|0
2001|37|60387|10.00|10|15.37|4.54|0|0|0
2001|43|38082|10.00|10|83.03|86.30|0|0|0
2001|43|52201|10.00|10|65.79|89.80|0|0|0
2001|45|84400|10.00|10|4.70|7.32|0|0|0
2001|49|2245|10.00|10|28.40|9.67|0|0|0
2001|51|36448|10.00|10|74.20|55.09|0|0|0
2001|51|85191|10.00|10|88.21|138.94|0|0|0
2001|53|58634|10.00|10|5.55|3.31|0|0|0
2001|61|2534|10.00|10|79.54|35.07|0|0|0
2001|61|86810|10.00|10|77.21|15.88|0|0|0
2001|65|10576|10.00|10|23.10|25.02|0|0|0
2001|67|53376|10.00|10|46.89|59.30|0|0|0
2001|69|59300|10.00|10|37.01|11.63|0|0|0
2001|73|61532|10.00|10|79.00|61.54|0|0|0
2001|83|4025|10.00|10|25.95|10.46|0|0|0
2001|87|25277|10.00|10|32.35|31.54|0|0|0
2001|93|75400|10.00|10|66.16|43.60|0|0|0
2001|97|35580|10.00|10|73.70|30.24|0|0|0
2001|97|93576|10.00|10|13.52|7.40|0|0|0
2001|99|21112|10.00|10|85.81|92.95|0|0|0
2001|99|24258|10.00|10|68.05|15.82|0|0|0
2001|101|67484|10.00|10|80.15|47.68|0|0|0
2001|103|45662|10.00|10|87.56|36.61|0|0|0
2001|105|14766|10.00|10|95.32|62.52|0|0|0
2001|105|68109|10.00|10|98.37|58.85|0|0|0
2001|107|50954|10.00|10|24.50|26.91|0|0|0
2001|111|91249|10.00|10|91.77|131.73|0|0|0
2001|113|23670|10.00|10|3.59|3.12|0|0|0
2001|117|40236|10.00|10|50.42|54.17|0|0|0
2001|129|63695|10.00|10|6.85|2.93|0|0|0
2001|131|17238|10.00|10|59.68|0.00|0|0|0
2001|131|54199|10.00|10|95.89|166.84|0|0|0
2001|133|41218|10.00|10|49.15|24.89|0|0|0
2001|137|45168|10.00|10|14.86|5.09|0|0|0
2001|139|58829|10.00|10|56.47|65.10|0|0|0
2001|147|94032|10.00|10|18.23|10.32|0|0|0
2001|159|61206|10.00|10|17.51|9.13|0|0|0
2001|165|79526|10.00|10|86.78|30.22|0|0|0
2001|173|72459|10.00|10|24.37|19.29|0|0|0
2001|175|785|10.00|10|33.47|15.48|0|0|0
2001|175|27531|10.00|10|11.08|4.81|0|0|0
2001|181|57337|10.00|10|61.33|62.86|0|0|0
2001|185|62627|10.00|10|18.76|15.26|0|0|0
2001|195|97867|10.00|10|12.30|8.85|0|0|0
2001|195|98732|10.00|10|42.66|1.04|0|0|0
2001|203|96873|10.00|10|29.39|3.54|0|0|0
2001|207|92414|10.00|10|50.41|44.35|0|0|0
2001|213|42721|10.00|10|39.69|19.00|0|0|0
2001|217|19060|10.00|10|5.42|0.09|0|0|0
2001|221|81983|10.00|10|77.78|36.80|0|0|0
2001|225|17061|10.00|10|26.58|36.54|0|0|0
2001|225|50098|10.00|10|75.18|15.99|0|0|0
2001|227|71681|10.00|10|22.41|5.20|0|0|0
2001|231|27816|10.00|10|79.35|51.10|0|0|0
2001|231|68614|10.00|10|70.51|88.46|0|0|0
2001|231|93513|10.00|10|2.56|3.18|0|0|0
2001|235|62584|10.00|10|84.96|104.36|0|0|0
2001|245|69035|10.00|10|33.85|22.03|0|0|0
2001|249|2337|10.00|10|40.46|43.84|0|0|0
2001|249|19944|10.00|10|33.83|48.81|0|0|0
2001|251|49281|10.00|10|78.41|27.96|0|0|0
2001|253|33441|10.00|10|84.27|82.13|0|0|0
2001|267|30475|10.00|10|61.23|49.36|0|0|0
2001|267|59191|10.00|10|5.43|2.46|0|0|0
2001|271|84374|10.00|10|40.30|24.15|0|0|0
2001|273|27425|10.00|10|14.43|11.57|0|0|0
2001|273|51933|10.00|10|86.11|36.40|0|0|0
2001|273|66489|10.00|10|48.77|49.83|0|0|0
2001|273|93328|10.00|10|10.68|4.83|0|0|0
2001|277|98917|10.00|10|46.60|52.89|0|0|0
2001|279|71028|10.00|10|45.18|3.29|0|0|0
2001|281|82878|10.00|10|14.95|10.02|0|0|0
2001|291|46876|10.00|10|28.22|3.55|0|0|0
2001|295|14707|10.00|10|51.67|3.63|0|0|0
2001|297|174|10.00|10|94.62|92.70|0|0|0
2001|301|25165|10.00|10|69.35|98.13|0|0|0
2001|303|36581|10.00|10|74.80|42.45|0|0|0
2001|309|71959|10.00|10|22.11|15.30|0|0|0
2001|315|61978|10.00|10|88.32|47.01|0|0|0
2001|321|17509|10.00|10|65.38|107.80|0|0|0
2001|325|79928|10.00|10|45.45|6.49|0|0|0
2001|327|50827|10.00|10|82.50|89.97|0|0|0
2001|329|8699|10.00|10|46.57|8.13|0|0|0
2001|331|66773|10.00|10|41.52|52.83|0|0|0
