Atchison County|2000|0.80022122255323317000|0.22697240018126008585|11.9445603790314636|3.4499578428456489
Bacon County|2000|1.1688263943952474|0.37137396068936956452|1.8831107731345819|0.50615944308150384769
Bourbon County|2000|1.91311509060926393907|0.84167728385307933735|3.3648023500626071|1.4887814818417275
Boyd County|2000|1.0863239512313728|1.0593182320736058|1.1689723371845602|0.60414136707766120337
Bradley County|2000|1.4896316361957169|0.60334169865243296995|1.3443897364936094|0.89521936226092191512
Buchanan County|2000|1.19566727137363387847|0.79227221449469152452|3.3329042783751474|2.6053054803777605
Carter County|2000|3.9537385800042996|1.1195332594710800|2.1192846596920995|1.9394289124196465
Cass County|2000|1.7035222166787040|1.0546590835712472|2.3838226151204273|0.98921148680409400950
Corson County|2000|0.56030923342547497714|0.19126920523175134722|4.8074087862722056|2.9334225221835596
Crockett County|2000|1.6371064518062077|0.34693989874318928505|2.1340423005791071|1.8069253529453980
Ferry County|2000|0.70137257653502215768|0.32036906434295234486|4.0029194829697632|2.7920959440955664
Fillmore County|2000|0.50776892269141097567|0.30381781509272939124|2.4431616785121784|1.2698606449528433
Forest County|2000|0.64474509676311067690|0.40431926202302056040|5.7710273664162307|1.5997460557916440
Gaston County|2000|0.76377358550287164559|0.54928611728379518300|3.9556112795070353|1.6576894611653206
Grant County|2000|0.69333590652908074631|0.62232332654667591172|1.8758465770243135|1.7268736920445455
Green County|2000|0.76366674014323608886|0.33927973068300402308|4.6941517961425306|3.9245036745222570
Harlan County|2000|1.6703545240264873|1.6327981812498528|2.4719588003517353|2.1405312057561534
Harris County|2000|2.3375687833906496|0.30360483165414337708|2.4170578769396491|2.0334925016942388
Heard County|2000|4.1025542579734511|1.3598422474700858|5.0138601834655124|1.07947404457568976607
Houston County|2000|2.0453258137907217|1.0711758064910619|1.9650510110743426|1.4426722416829800
Indian River County|2000|0.81640774355929968600|0.52358981112254720932|1.4593037666545430|1.2414378160474696
Ingham County|2000|0.57439040456317571111|0.34476299911399571098|1.3065165902188885|0.94713843700402881211
Lake County|2000|1.2550773497289410|0.80138830179926603466|1.5151472586438184|1.2718026010755146
Lincoln County|2000|1.0215992504848697|0.92056709710416263362|2.3303287721114696|1.8330395571544103
Marion County|2000|1.3170879107832517|0.94911798918657023951|2.1515633366844040|1.9387566720714458
Mercer County|2000|0.73834174125133450643|0.60198144610409894101|3.0124500284653521|2.8520914770606967
Meriwether County|2000|0.36574758846944088321|0.34839889089227332984|2.7722700986679973|0.69467339284037490476
Miller County|2000|2.5757448663557180|1.4873171844852818|3.3706691964417074|0.90993230256899748510
Mitchell County|2000|4.4392330087497409|1.0977968017352358|1.7837047993404603|1.5291264712847023
Mora County|2000|1.18326068380690729344|0.60206961304353135976|2.5131204065962192|0.94476812368510311895
Nantucket County|2000|1.4378967052837495|0.64020005972877835641|1.17548815032780566738|0.96367037980537173297
New Kent County|2000|0.60261619426584361180|0.42833059397752993829|2.8693863956748718|2.6761815031647062
Newton County|2000|0.69791931894957020743|0.65606846485509771860|6.1605560388639012|1.7781341658566338
Nicholas County|2000|2.1651161964619200|2.1531890335785593|6.0212998125152936|1.3119745211209663
Otero County|2000|2.7546552678761135|1.2530745293691699|2.9761108204422650|2.1097754580227742
Oxford County|2000|0.97314297173872373148|0.88027679425877985474|4.0126868988256816|1.3503158110193040
Perry County|2000|1.5807803125453118|0.78221227098812432100|2.2691944261274301|1.8234074074250780
Prince William County|2000|3.3763729439063258|0.63415333463163872889|1.7069667259125603|0.77138636654005958417
Refugio County|2000|1.8129764326097072|0.56306857557560824759|1.3019839008567609|1.2810032064260455
Rice County|2000|1.1346984555479943|0.86090370696792457869|2.3781493552970069|1.7241986091591801
Richmond County|2000|1.5716652901094363|1.3519478056375344|2.3095920111803405|2.0369858864381589
Roane County|2000|3.0830138401377173|1.1065891497173739|2.2323665211739354|1.7986088803688928
Salt Lake County|2000|1.3205449130174234|1.2203160413467627|0.71667014966900984338|0.66808220248923030768
Sheridan County|2000|1.3860299311291494|1.2523499387439339|1.5759362743130516|0.53411070976717574377
Smith County|2000|0.63693574125248122057|0.44033024185886856388|5.7448445717910221|4.3717366032263442
Stark County|2000|7.3382195945512569|1.5789139910363894|1.8638395274222199|1.0522837369699648
Steele County|2000|1.3774133393888248|0.69549264377814249279|1.2479733580469675|0.99112695774913597010
Stone County|2000|1.9000421938690869|0.68215977796649592079|3.6993611057952987|1.4731953787670868
Tooele County|2000|6.5903028509420933|0.79434853571652052465|1.7886371812469657|0.31652867359722609707
Vernon County|2000|0.97445432611778328311|0.88724626334180630683|1.3688036212157211|1.0715198621412315
Williamson County|2000|2.9851021643512662|0.41389641215888885555|5.8059645786633862|4.5658794247060602
Wright County|2000|5.0293351388199723|2.0348126349887975|4.0765289148903368|1.9700202520714682
York County|2000|0.54837721941622199019|0.44315539645279099854|2.8963699172631775|2.8573161758737730
