able|AAAAAAAACAAAAAAA|5271|1.4851944630185930|2.8016418724332430|1.00000000000000000000|0.45762383018596321507|1.1197249538559935|0.76524251448031485200|1.7568647664287774
able|AAAAAAAACAAAAAAA|5271|1.4851944630185930|2.8016418724332430|1.00000000000000000000|0.45762383018596321507|1.1197249538559935|0.76524251448031485200|1.7568647664287774
able|AAAAAAAACAAAAAAA|5271|1.4851944630185930|2.8016418724332430|1.00000000000000000000|0.45762383018596321507|1.1197249538559935|0.76524251448031485200|1.7568647664287774
able|AAAAAAAACAAAAAAA|5271|1.4851944630185930|2.8016418724332430|1.00000000000000000000|0.45762383018596321507|1.1197249538559935|0.76524251448031485200|1.7568647664287774
able|AAAAAAAACAAAAAAA|5271|1.4851944630185930|2.8016418724332430|1.00000000000000000000|0.45762383018596321507|1.1197249538559935|0.76524251448031485200|1.7568647664287774
able|AAAAAAAACAAAAAAA|5271|1.4851944630185930|2.8016418724332430|1.00000000000000000000|0.45762383018596321507|1.1197249538559935|0.76524251448031485200|1.7568647664287774
able|AAAAAAAACAAAAAAA|5271|1.4851944630185930|2.8016418724332430|1.00000000000000000000|0.45762383018596321507|1.1197249538559935|0.76524251448031485200|1.7568647664287774
able|AAAAAAAACAAAAAAA|5271|1.4851944630185930|2.8016418724332430|1.00000000000000000000|0.45762383018596321507|1.1197249538559935|0.76524251448031485200|1.7568647664287774
able|AAAAAAAACAAAAAAA|5271|1.4851944630185930|2.8016418724332430|1.00000000000000000000|0.45762383018596321507|1.1197249538559935|0.76524251448031485200|1.7568647664287774
able|AAAAAAAACAAAAAAA|5271|1.4851944630185930|2.8016418724332430|1.00000000000000000000|0.45762383018596321507|1.1197249538559935|0.76524251448031485200|1.7568647664287774
able|AAAAAAAACAAAAAAA|5271|1.4851944630185930|2.8016418724332430|1.00000000000000000000|0.45762383018596321507|1.1197249538559935|0.76524251448031485200|1.7568647664287774
able|AAAAAAAACAAAAAAA|5271|1.4851944630185930|2.8016418724332430|1.00000000000000000000|0.45762383018596321507|1.1197249538559935|0.76524251448031485200|1.7568647664287774
able|AAAAAAAACAAAAAAA|5271|1.4851944630185930|2.8016418724332430|1.00000000000000000000|0.45762383018596321507|1.1197249538559935|0.76524251448031485200|1.7568647664287774
able|AAAAAAAACAAAAAAA|5271|1.4851944630185930|2.8016418724332430|1.00000000000000000000|0.45762383018596321507|1.1197249538559935|0.76524251448031485200|1.7568647664287774
able|AAAAAAAACAAAAAAA|5271|1.4851944630185930|2.8016418724332430|1.00000000000000000000|0.45762383018596321507|1.1197249538559935|0.76524251448031485200|1.7568647664287774
able|AAAAAAAACAAAAAAA|5271|1.4851944630185930|2.8016418724332430|1.00000000000000000000|0.45762383018596321507|1.1197249538559935|0.76524251448031485200|1.7568647664287774
able|AAAAAAAACAAAAAAA|5271|1.4851944630185930|2.8016418724332430|1.00000000000000000000|0.45762383018596321507|1.1197249538559935|0.76524251448031485200|1.7568647664287774
able|AAAAAAAACAAAAAAA|5271|1.4851944630185930|2.8016418724332430|1.00000000000000000000|0.45762383018596321507|1.1197249538559935|0.76524251448031485200|1.7568647664287774
able|AAAAAAAACAAAAAAA|5271|1.4851944630185930|2.8016418724332430|1.00000000000000000000|0.45762383018596321507|1.1197249538559935|0.76524251448031485200|1.7568647664287774
able|AAAAAAAACAAAAAAA|5271|1.4851944630185930|2.8016418724332430|1.00000000000000000000|0.45762383018596321507|1.1197249538559935|0.76524251448031485200|1.7568647664287774
able|AAAAAAAACAAAAAAA|5271|1.4851944630185930|2.8016418724332430|1.00000000000000000000|0.45762383018596321507|1.1197249538559935|0.76524251448031485200|1.7568647664287774
able|AAAAAAAACAAAAAAA|5271|1.4851944630185930|2.8016418724332430|1.00000000000000000000|0.45762383018596321507|1.1197249538559935|0.76524251448031485200|1.7568647664287774
able|AAAAAAAACAAAAAAA|5271|1.4851944630185930|2.8016418724332430|1.00000000000000000000|0.45762383018596321507|1.1197249538559935|0.76524251448031485200|1.7568647664287774
able|AAAAAAAACAAAAAAA|5271|1.4851944630185930|2.8016418724332430|1.00000000000000000000|0.45762383018596321507|1.1197249538559935|0.76524251448031485200|1.7568647664287774
able|AAAAAAAACAAAAAAA|5271|1.4851944630185930|2.8016418724332430|1.00000000000000000000|0.45762383018596321507|1.1197249538559935|0.76524251448031485200|1.7568647664287774
able|AAAAAAAACAAAAAAA|5271|1.4851944630185930|2.8016418724332430|1.00000000000000000000|0.45762383018596321507|1.1197249538559935|0.76524251448031485200|1.7568647664287774
able|AAAAAAAACAAAAAAA|5271|1.4851944630185930|2.8016418724332430|1.00000000000000000000|0.45762383018596321507|1.1197249538559935|0.76524251448031485200|1.7568647664287774
able|AAAAAAAACAAAAAAA|5271|1.4851944630185930|2.8016418724332430|1.00000000000000000000|0.45762383018596321507|1.1197249538559935|0.76524251448031485200|1.7568647664287774
able|AAAAAAAACAAAAAAA|5271|1.4851944630185930|2.8016418724332430|1.00000000000000000000|0.45762383018596321507|1.1197249538559935|0.76524251448031485200|1.7568647664287774
able|AAAAAAAACAAAAAAA|5271|1.4851944630185930|2.8016418724332430|1.00000000000000000000|0.45762383018596321507|1.1197249538559935|0.76524251448031485200|1.7568647664287774
able|AAAAAAAACAAAAAAA|5271|1.4851944630185930|2.8016418724332430|1.00000000000000000000|0.45762383018596321507|1.1197249538559935|0.76524251448031485200|1.7568647664287774
able|AAAAAAAACAAAAAAA|5271|1.4851944630185930|2.8016418724332430|1.00000000000000000000|0.45762383018596321507|1.1197249538559935|0.76524251448031485200|1.7568647664287774
able|AAAAAAAACAAAAAAA|5271|1.4851944630185930|2.8016418724332430|1.00000000000000000000|0.45762383018596321507|1.1197249538559935|0.76524251448031485200|1.7568647664287774
able|AAAAAAAACAAAAAAA|5271|1.4851944630185930|2.8016418724332430|1.00000000000000000000|0.45762383018596321507|1.1197249538559935|0.76524251448031485200|1.7568647664287774
able|AAAAAAAACAAAAAAA|5271|1.4851944630185930|2.8016418724332430|1.00000000000000000000|0.45762383018596321507|1.1197249538559935|0.76524251448031485200|1.7568647664287774
able|AAAAAAAACAAAAAAA|5271|1.4851944630185930|2.8016418724332430|1.00000000000000000000|0.45762383018596321507|1.1197249538559935|0.76524251448031485200|1.7568647664287774
able|AAAAAAAACAAAAAAA|5271|1.4851944630185930|2.8016418724332430|1.00000000000000000000|0.45762383018596321507|1.1197249538559935|0.76524251448031485200|1.7568647664287774
able|AAAAAAAACAAAAAAA|5271|1.4851944630185930|2.8016418724332430|1.00000000000000000000|0.45762383018596321507|1.1197249538559935|0.76524251448031485200|1.7568647664287774
able|AAAAAAAACAAAAAAA|5271|1.4851944630185930|2.8016418724332430|1.00000000000000000000|0.45762383018596321507|1.1197249538559935|0.76524251448031485200|1.7568647664287774
able|AAAAAAAACAAAAAAA|5271|1.4851944630185930|2.8016418724332430|1.00000000000000000000|0.45762383018596321507|1.1197249538559935|0.76524251448031485200|1.7568647664287774
able|AAAAAAAACAAAAAAA|5271|1.4851944630185930|2.8016418724332430|1.00000000000000000000|0.45762383018596321507|1.1197249538559935|0.76524251448031485200|1.7568647664287774
able|AAAAAAAACAAAAAAA|5271|1.4851944630185930|2.8016418724332430|1.00000000000000000000|0.45762383018596321507|1.1197249538559935|0.76524251448031485200|1.7568647664287774
able|AAAAAAAACAAAAAAA|5271|1.4851944630185930|2.8016418724332430|1.00000000000000000000|0.45762383018596321507|1.1197249538559935|0.76524251448031485200|1.7568647664287774
able|AAAAAAAACAAAAAAA|5271|1.4851944630185930|2.8016418724332430|1.00000000000000000000|0.45762383018596321507|1.1197249538559935|0.76524251448031485200|1.7568647664287774
able|AAAAAAAACAAAAAAA|5271|1.4851944630185930|2.8016418724332430|1.00000000000000000000|0.45762383018596321507|1.1197249538559935|0.76524251448031485200|1.7568647664287774
able|AAAAAAAACAAAAAAA|5271|1.4851944630185930|2.8016418724332430|1.00000000000000000000|0.45762383018596321507|1.1197249538559935|0.76524251448031485200|1.7568647664287774
able|AAAAAAAACAAAAAAA|5271|1.4851944630185930|2.8016418724332430|1.00000000000000000000|0.45762383018596321507|1.1197249538559935|0.76524251448031485200|1.7568647664287774
able|AAAAAAAACAAAAAAA|5271|1.4851944630185930|2.8016418724332430|1.00000000000000000000|0.45762383018596321507|1.1197249538559935|0.76524251448031485200|1.7568647664287774
able|AAAAAAAACAAAAAAA|5271|1.4851944630185930|2.8016418724332430|1.00000000000000000000|0.45762383018596321507|1.1197249538559935|0.76524251448031485200|1.7568647664287774
able|AAAAAAAACAAAAAAA|5272|1.1301737573307722|0.78182243484476614884|1.00000000000000000000|0.95247660565606748357|0.97707355189090801401|1.3462912007493706|0.91145125956447043966
able|AAAAAAAACAAAAAAA|5272|1.1301737573307722|0.78182243484476614884|1.00000000000000000000|0.95247660565606748357|0.97707355189090801401|1.3462912007493706|0.91145125956447043966
able|AAAAAAAACAAAAAAA|5272|1.1301737573307722|0.78182243484476614884|1.00000000000000000000|0.95247660565606748357|0.97707355189090801401|1.3462912007493706|0.91145125956447043966
able|AAAAAAAACAAAAAAA|5272|1.1301737573307722|0.78182243484476614884|1.00000000000000000000|0.95247660565606748357|0.97707355189090801401|1.3462912007493706|0.91145125956447043966
able|AAAAAAAACAAAAAAA|5272|1.1301737573307722|0.78182243484476614884|1.00000000000000000000|0.95247660565606748357|0.97707355189090801401|1.3462912007493706|0.91145125956447043966
able|AAAAAAAACAAAAAAA|5272|1.1301737573307722|0.78182243484476614884|1.00000000000000000000|0.95247660565606748357|0.97707355189090801401|1.3462912007493706|0.91145125956447043966
able|AAAAAAAACAAAAAAA|5272|1.1301737573307722|0.78182243484476614884|1.00000000000000000000|0.95247660565606748357|0.97707355189090801401|1.3462912007493706|0.91145125956447043966
able|AAAAAAAACAAAAAAA|5272|1.1301737573307722|0.78182243484476614884|1.00000000000000000000|0.95247660565606748357|0.97707355189090801401|1.3462912007493706|0.91145125956447043966
able|AAAAAAAACAAAAAAA|5272|1.1301737573307722|0.78182243484476614884|1.00000000000000000000|0.95247660565606748357|0.97707355189090801401|1.3462912007493706|0.91145125956447043966
able|AAAAAAAACAAAAAAA|5272|1.1301737573307722|0.78182243484476614884|1.00000000000000000000|0.95247660565606748357|0.97707355189090801401|1.3462912007493706|0.91145125956447043966
able|AAAAAAAACAAAAAAA|5272|1.1301737573307722|0.78182243484476614884|1.00000000000000000000|0.95247660565606748357|0.97707355189090801401|1.3462912007493706|0.91145125956447043966
able|AAAAAAAACAAAAAAA|5272|1.1301737573307722|0.78182243484476614884|1.00000000000000000000|0.95247660565606748357|0.97707355189090801401|1.3462912007493706|0.91145125956447043966
able|AAAAAAAACAAAAAAA|5272|1.1301737573307722|0.78182243484476614884|1.00000000000000000000|0.95247660565606748357|0.97707355189090801401|1.3462912007493706|0.91145125956447043966
able|AAAAAAAACAAAAAAA|5272|1.1301737573307722|0.78182243484476614884|1.00000000000000000000|0.95247660565606748357|0.97707355189090801401|1.3462912007493706|0.91145125956447043966
able|AAAAAAAACAAAAAAA|5272|1.1301737573307722|0.78182243484476614884|1.00000000000000000000|0.95247660565606748357|0.97707355189090801401|1.3462912007493706|0.91145125956447043966
able|AAAAAAAACAAAAAAA|5272|1.1301737573307722|0.78182243484476614884|1.00000000000000000000|0.95247660565606748357|0.97707355189090801401|1.3462912007493706|0.91145125956447043966
able|AAAAAAAACAAAAAAA|5272|1.1301737573307722|0.78182243484476614884|1.00000000000000000000|0.95247660565606748357|0.97707355189090801401|1.3462912007493706|0.91145125956447043966
able|AAAAAAAACAAAAAAA|5272|1.1301737573307722|0.78182243484476614884|1.00000000000000000000|0.95247660565606748357|0.97707355189090801401|1.3462912007493706|0.91145125956447043966
able|AAAAAAAACAAAAAAA|5272|1.1301737573307722|0.78182243484476614884|1.00000000000000000000|0.95247660565606748357|0.97707355189090801401|1.3462912007493706|0.91145125956447043966
able|AAAAAAAACAAAAAAA|5272|1.1301737573307722|0.78182243484476614884|1.00000000000000000000|0.95247660565606748357|0.97707355189090801401|1.3462912007493706|0.91145125956447043966
able|AAAAAAAACAAAAAAA|5272|1.1301737573307722|0.78182243484476614884|1.00000000000000000000|0.95247660565606748357|0.97707355189090801401|1.3462912007493706|0.91145125956447043966
able|AAAAAAAACAAAAAAA|5272|1.1301737573307722|0.78182243484476614884|1.00000000000000000000|0.95247660565606748357|0.97707355189090801401|1.3462912007493706|0.91145125956447043966
able|AAAAAAAACAAAAAAA|5272|1.1301737573307722|0.78182243484476614884|1.00000000000000000000|0.95247660565606748357|0.97707355189090801401|1.3462912007493706|0.91145125956447043966
able|AAAAAAAACAAAAAAA|5272|1.1301737573307722|0.78182243484476614884|1.00000000000000000000|0.95247660565606748357|0.97707355189090801401|1.3462912007493706|0.91145125956447043966
able|AAAAAAAACAAAAAAA|5272|1.1301737573307722|0.78182243484476614884|1.00000000000000000000|0.95247660565606748357|0.97707355189090801401|1.3462912007493706|0.91145125956447043966
able|AAAAAAAACAAAAAAA|5272|1.1301737573307722|0.78182243484476614884|1.00000000000000000000|0.95247660565606748357|0.97707355189090801401|1.3462912007493706|0.91145125956447043966
able|AAAAAAAACAAAAAAA|5272|1.1301737573307722|0.78182243484476614884|1.00000000000000000000|0.95247660565606748357|0.97707355189090801401|1.3462912007493706|0.91145125956447043966
able|AAAAAAAACAAAAAAA|5272|1.1301737573307722|0.78182243484476614884|1.00000000000000000000|0.95247660565606748357|0.97707355189090801401|1.3462912007493706|0.91145125956447043966
able|AAAAAAAACAAAAAAA|5272|1.1301737573307722|0.78182243484476614884|1.00000000000000000000|0.95247660565606748357|0.97707355189090801401|1.3462912007493706|0.91145125956447043966
able|AAAAAAAACAAAAAAA|5272|1.1301737573307722|0.78182243484476614884|1.00000000000000000000|0.95247660565606748357|0.97707355189090801401|1.3462912007493706|0.91145125956447043966
able|AAAAAAAACAAAAAAA|5272|1.1301737573307722|0.78182243484476614884|1.00000000000000000000|0.95247660565606748357|0.97707355189090801401|1.3462912007493706|0.91145125956447043966
able|AAAAAAAACAAAAAAA|5272|1.1301737573307722|0.78182243484476614884|1.00000000000000000000|0.95247660565606748357|0.97707355189090801401|1.3462912007493706|0.91145125956447043966
able|AAAAAAAACAAAAAAA|5272|1.1301737573307722|0.78182243484476614884|1.00000000000000000000|0.95247660565606748357|0.97707355189090801401|1.3462912007493706|0.91145125956447043966
able|AAAAAAAACAAAAAAA|5272|1.1301737573307722|0.78182243484476614884|1.00000000000000000000|0.95247660565606748357|0.97707355189090801401|1.3462912007493706|0.91145125956447043966
able|AAAAAAAACAAAAAAA|5272|1.1301737573307722|0.78182243484476614884|1.00000000000000000000|0.95247660565606748357|0.97707355189090801401|1.3462912007493706|0.91145125956447043966
able|AAAAAAAACAAAAAAA|5272|1.1301737573307722|0.78182243484476614884|1.00000000000000000000|0.95247660565606748357|0.97707355189090801401|1.3462912007493706|0.91145125956447043966
able|AAAAAAAACAAAAAAA|5272|1.1301737573307722|0.78182243484476614884|1.00000000000000000000|0.95247660565606748357|0.97707355189090801401|1.3462912007493706|0.91145125956447043966
able|AAAAAAAACAAAAAAA|5272|1.1301737573307722|0.78182243484476614884|1.00000000000000000000|0.95247660565606748357|0.97707355189090801401|1.3462912007493706|0.91145125956447043966
able|AAAAAAAACAAAAAAA|5272|1.1301737573307722|0.78182243484476614884|1.00000000000000000000|0.95247660565606748357|0.97707355189090801401|1.3462912007493706|0.91145125956447043966
able|AAAAAAAACAAAAAAA|5272|1.1301737573307722|0.78182243484476614884|1.00000000000000000000|0.95247660565606748357|0.97707355189090801401|1.3462912007493706|0.91145125956447043966
able|AAAAAAAACAAAAAAA|5272|1.1301737573307722|0.78182243484476614884|1.00000000000000000000|0.95247660565606748357|0.97707355189090801401|1.3462912007493706|0.91145125956447043966
able|AAAAAAAACAAAAAAA|5272|1.1301737573307722|0.78182243484476614884|1.00000000000000000000|0.95247660565606748357|0.97707355189090801401|1.3462912007493706|0.91145125956447043966
able|AAAAAAAACAAAAAAA|5272|1.1301737573307722|0.78182243484476614884|1.00000000000000000000|0.95247660565606748357|0.97707355189090801401|1.3462912007493706|0.91145125956447043966
able|AAAAAAAACAAAAAAA|5272|1.1301737573307722|0.78182243484476614884|1.00000000000000000000|0.95247660565606748357|0.97707355189090801401|1.3462912007493706|0.91145125956447043966
able|AAAAAAAACAAAAAAA|5272|1.1301737573307722|0.78182243484476614884|1.00000000000000000000|0.95247660565606748357|0.97707355189090801401|1.3462912007493706|0.91145125956447043966
able|AAAAAAAACAAAAAAA|5272|1.1301737573307722|0.78182243484476614884|1.00000000000000000000|0.95247660565606748357|0.97707355189090801401|1.3462912007493706|0.91145125956447043966
able|AAAAAAAACAAAAAAA|5272|1.1301737573307722|0.78182243484476614884|1.00000000000000000000|0.95247660565606748357|0.97707355189090801401|1.3462912007493706|0.91145125956447043966
able|AAAAAAAACAAAAAAA|5272|1.1301737573307722|0.78182243484476614884|1.00000000000000000000|0.95247660565606748357|0.97707355189090801401|1.3462912007493706|0.91145125956447043966
able|AAAAAAAACAAAAAAA|5272|1.1301737573307722|0.78182243484476614884|1.00000000000000000000|0.95247660565606748357|0.97707355189090801401|1.3462912007493706|0.91145125956447043966
able|AAAAAAAACAAAAAAA|5273|1.1892336496164613|1.0070524197314901|1.00000000000000000000|0.61209061775637976640|0.78175602802645770011|1.5675363255783721|0.61879072443114496631
able|AAAAAAAACAAAAAAA|5273|1.1892336496164613|1.0070524197314901|1.00000000000000000000|0.61209061775637976640|0.78175602802645770011|1.5675363255783721|0.61879072443114496631
