1|189.04|579.6808333333333333
1|227.20|579.6808333333333333
1|355.17|579.6808333333333333
1|383.11|579.6808333333333333
1|411.78|579.6808333333333333
1|430.03|579.6808333333333333
1|501.42|579.6808333333333333
1|742.31|579.6808333333333333
1|947.58|579.6808333333333333
1|995.02|579.6808333333333333
1|1243.60|579.6808333333333333
2|34.79|672.7191666666666667
2|160.56|672.7191666666666667
2|339.91|672.7191666666666667
2|389.61|672.7191666666666667
2|445.59|672.7191666666666667
2|505.77|672.7191666666666667
2|842.68|672.7191666666666667
2|1597.83|672.7191666666666667
2|1717.71|672.7191666666666667
3|397.52|1075.8691666666666667
3|529.42|1075.8691666666666667
3|630.22|1075.8691666666666667
3|633.09|1075.8691666666666667
3|693.91|1075.8691666666666667
3|757.70|1075.8691666666666667
3|1186.15|1075.8691666666666667
3|1234.30|1075.8691666666666667
3|1285.82|1075.8691666666666667
3|1294.52|1075.8691666666666667
3|1540.10|1075.8691666666666667
3|2727.68|1075.8691666666666667
5|387.43|1275.7000000000000000
5|642.66|1275.7000000000000000
5|746.27|1275.7000000000000000
5|753.98|1275.7000000000000000
5|859.95|1275.7000000000000000
5|955.61|1275.7000000000000000
5|957.74|1275.7000000000000000
5|1497.27|1275.7000000000000000
5|1741.66|1275.7000000000000000
5|1906.85|1275.7000000000000000
5|2296.54|1275.7000000000000000
5|2562.44|1275.7000000000000000
6|644.61|1915.1375000000000000
6|897.74|1915.1375000000000000
6|962.45|1915.1375000000000000
6|1131.80|1915.1375000000000000
6|1196.50|1915.1375000000000000
6|1319.30|1915.1375000000000000
6|1595.03|1915.1375000000000000
6|2155.43|1915.1375000000000000
6|2905.01|1915.1375000000000000
6|3043.58|1915.1375000000000000
6|3478.85|1915.1375000000000000
6|3651.35|1915.1375000000000000
7|638.30|1636.1166666666666667
7|782.39|1636.1166666666666667
7|786.85|1636.1166666666666667
7|836.87|1636.1166666666666667
7|893.95|1636.1166666666666667
7|1070.42|1636.1166666666666667
7|1217.16|1636.1166666666666667
7|2970.80|1636.1166666666666667
7|3007.11|1636.1166666666666667
7|4173.88|1636.1166666666666667
8|803.53|1740.9241666666666667
8|843.69|1740.9241666666666667
8|945.56|1740.9241666666666667
8|1045.10|1740.9241666666666667
8|1162.93|1740.9241666666666667
8|1281.41|1740.9241666666666667
8|1347.10|1740.9241666666666667
8|2284.76|1740.9241666666666667
8|2557.84|1740.9241666666666667
8|3322.57|1740.9241666666666667
8|3454.73|1740.9241666666666667
9|439.10|1625.7158333333333333
9|650.58|1625.7158333333333333
9|804.74|1625.7158333333333333
9|840.50|1625.7158333333333333
9|984.46|1625.7158333333333333
9|1100.89|1625.7158333333333333
9|1243.95|1625.7158333333333333
9|1906.48|1625.7158333333333333
9|2208.97|1625.7158333333333333
9|2462.56|1625.7158333333333333
9|3316.60|1625.7158333333333333
9|3549.76|1625.7158333333333333
10|320.83|1184.5975000000000000
10|373.85|1184.5975000000000000
10|591.30|1184.5975000000000000
10|776.91|1184.5975000000000000
10|824.51|1184.5975000000000000
10|959.65|1184.5975000000000000
10|1014.88|1184.5975000000000000
10|1380.12|1184.5975000000000000
10|1456.28|1184.5975000000000000
10|2086.24|1184.5975000000000000
10|3324.09|1184.5975000000000000
