1001001|1|1|467762.66|150|1001001|1|1|1431330.38|358
1001002|1|1|906719.96|250|1001002|1|1|881849.64|202
1002001|2|1|819894.32|217|1002001|2|1|1368718.54|358
1002002|2|1|1092374.44|257|1002002|2|1|635922.31|175
1003001|3|1|582802.52|175|1003001|3|1|1340121.36|367
1003002|3|1|726556.04|200|1003002|3|1|649942.54|161
1004001|4|1|730344.40|192|1004001|4|1|1261586.90|329
1004002|4|1|793203.61|221|1004002|4|1|694927.80|192
2001001|1|2|743532.98|226|2001001|1|2|1489396.47|384
2001002|1|2|981785.09|252|2001002|1|2|598461.75|165
2002001|2|2|908030.86|223|2002001|2|2|1609080.22|417
2002002|2|2|710102.78|188|2002002|2|2|648606.01|169
2003001|3|2|588749.06|157|2003001|3|2|1232634.73|315
2003002|3|2|823973.57|232|2003002|3|2|761148.65|178
2004001|4|2|864085.02|245|2004001|4|2|1544723.63|391
2004002|4|2|754674.09|203|2004002|4|2|688893.55|194
3001001|1|3|655337.62|172|3001001|1|3|1165990.95|329
3001002|1|3|900207.36|219|3001002|1|3|552955.61|152
3002001|2|3|707396.53|190|3002001|2|3|1542215.70|394
3002002|2|3|908801.35|249|3002002|2|3|682938.08|194
3003001|3|3|811813.74|232|3003001|3|3|1645941.24|399
3003002|3|3|796973.89|202|3003002|3|3|751143.80|173
3004001|4|3|607622.22|174|3004001|4|3|1210308.60|315
3004002|4|3|935436.10|231|3004002|4|3|703550.27|182
4001001|1|4|963761.19|226|4001001|1|4|1423926.48|361
4001002|1|4|916085.46|243|4001002|1|4|550772.50|152
4002001|2|4|593996.47|171|4002001|2|4|1484100.61|379
4002002|2|4|1022285.63|266|4002002|2|4|781328.49|208
4003001|3|4|823190.77|198|4003001|3|4|1384078.32|326
4003002|3|4|841948.87|217|4003002|3|4|712337.52|171
4004001|4|4|723857.37|179|4004001|4|4|1229361.04|348
4004002|4|4|926856.28|209|4004002|4|4|674400.23|177
5001001|1|5|672232.59|177|5001001|1|5|1380275.49|354
5001002|1|5|864242.79|207|5001002|1|5|739324.28|181
5002001|2|5|513434.03|157|5002001|2|5|1281672.95|313
5002002|2|5|956083.51|220|5002002|2|5|769187.88|192
5003001|3|5|749088.78|213|5003001|3|5|1476940.74|390
5003002|3|5|1095327.94|278|5003002|3|5|750665.40|197
5004001|4|5|886306.70|234|5004001|4|5|1519767.76|400
5004002|4|5|1168629.14|288|5004002|4|5|828037.99|216
6001001|1|6|24105.89|9|6001001|1|6|62031.72|14
6001002|1|6|46219.98|11|6001002|1|6|31684.03|10
6001003|1|6|41759.62|9|6001003|1|6|25117.82|10
6001004|1|6|29458.48|6|6001004|1|6|29630.40|7
6001005|1|6|47823.32|13|6001005|1|6|71190.29|14
6001006|1|6|61556.37|11|6001006|1|6|17872.80|6
6001007|1|6|24115.89|9|6001007|1|6|44381.38|14
6001008|1|6|74782.90|20|6001008|1|6|130995.40|34
6002001|2|6|59433.73|16|6002001|2|6|75554.49|20
6002002|2|6|30140.36|11|6002002|2|6|77773.93|18
6002004|2|6|48663.77|16|6002004|2|6|24267.21|5
6002005|2|6|53619.89|11|6002005|2|6|61203.00|14
6002006|2|6|36339.64|12|6002006|2|6|28988.99|8
6002007|2|6|34002.53|9|6002007|2|6|67154.84|16
6002008|2|6|24710.01|7|6002008|2|6|25085.33|11
6003001|3|6|39408.94|10|6003001|3|6|103039.59|20
6003002|3|6|54689.25|16|6003002|3|6|65976.20|17
6003003|3|6|41807.66|7|6003003|3|6|55308.71|20
6003004|3|6|30580.50|12|6003004|3|6|40613.91|9
6003005|3|6|105855.11|28|6003005|3|6|105957.67|31
6003006|3|6|36353.94|10|6003006|3|6|24121.07|3
6003007|3|6|121609.85|27|6003007|3|6|142652.62|32
6003008|3|6|50105.16|15|6003008|3|6|53332.93|19
6004001|4|6|12839.97|5|6004001|4|6|74616.32|16
6004002|4|6|33700.51|11|6004002|4|6|45202.40|11
6004003|4|6|32999.66|12|6004003|4|6|111392.89|22
6004004|4|6|43798.64|8|6004004|4|6|15287.71|6
6004005|4|6|23028.91|5|6004005|4|6|61508.80|16
6004006|4|6|60466.48|15|6004006|4|6|55772.09|10
6004007|4|6|54509.28|13|6004007|4|6|55265.06|13
6004008|4|6|110528.92|26|6004008|4|6|17409.99|6
6005001|5|6|51742.08|14|6005001|5|6|149052.29|45
6005002|5|6|52226.29|10|6005002|5|6|52095.90|13
6005003|5|6|14884.61|3|6005003|5|6|74851.15|16
6005005|5|6|37483.24|12|6005005|5|6|76135.42|18
6005006|5|6|69284.30|18|6005006|5|6|60418.42|12
6005007|5|6|18764.89|5|6005007|5|6|60745.28|18
6005008|5|6|29442.61|9|6005008|5|6|17722.88|8
6006001|6|6|36995.31|14|6006001|6|6|69739.81|24
6006002|6|6|89598.01|25|6006002|6|6|87585.47|23
6006003|6|6|47063.87|11|6006003|6|6|121350.82|30
6006004|6|6|23806.65|9|6006004|6|6|23213.37|3
6006005|6|6|7442.61|4|6006005|6|6|125454.88|19
6006006|6|6|25335.02|8|6006006|6|6|31083.01|6
6006007|6|6|17236.19|9|6006007|6|6|122835.13|31
6006008|6|6|48338.11|14|6006008|6|6|50483.43|14
6007001|7|6|10649.11|4|6007001|7|6|16045.22|6
6007002|7|6|59430.88|14|6007002|7|6|43208.39|13
6007003|7|6|62933.34|18|6007003|7|6|154876.33|42
6007004|7|6|147787.95|29|6007004|7|6|74385.92|16
6007005|7|6|46790.08|11|6007005|7|6|50480.61|15
6007006|7|6|64447.44|18|6007006|7|6|75791.31|25
6007007|7|6|24371.69|8|6007007|7|6|112297.43|32
6007008|7|6|36795.88|13|6007008|7|6|51493.13|18
6008001|8|6|56327.47|12|6008001|8|6|82534.17|25
6008002|8|6|41086.91|10|6008002|8|6|49905.61|14
6008003|8|6|59905.77|14|6008003|8|6|73852.64|21
6008004|8|6|44356.23|9|6008004|8|6|31817.07|9
6008005|8|6|93195.48|27|6008005|8|6|147810.54|29
6008007|8|6|14672.77|7|6008007|8|6|63491.17|21
