Abbeville County|2000|0.93744106924546113064|0.93601425854322353628|1.8541614022982292|1.8301552256824373
Ada County|2000|0.98492122513083885260|0.94138500647937522398|1.8209160011204536|1.8044133311493406
Alachua County|2000|0.94202734597355032230|0.93545166140349588069|1.8865454305291751|1.8830311424282601
Alameda County|2000|0.92933690615723200912|0.89373788902850010947|1.9367940402953730|1.8874884136247210
Albemarle County|2000|0.95004851764364444754|0.93577191829646393921|2.0099326712232001|1.9147448072301054
Alcona County|2000|1.0015029918385957|0.94232939510807514122|1.9116053255880803|1.8231128806998096
Alcorn County|2000|0.97264365282671306431|0.96922349862371425960|1.8348296550829180|1.8005826466102906
Aleutians East Borough|2000|0.98485783465343980561|0.94650330709325432588|1.9410795993725186|1.8060900404771491
Allamakee County|2000|0.94275485033433973638|0.89653010046035396812|1.9520511624550243|1.7966435347218303
Androscoggin County|2000|1.0868785430035881|0.95366406379219013069|1.8465934631037288|1.8066741389037514
Appling County|2000|0.99525709225949888996|0.93652593123196102348|1.9273213628090904|1.8689443989315723
Ashe County|2000|0.96915678296252692483|0.93260092576274047932|1.9134317995058799|1.9076123328910533
Ashtabula County|2000|0.93024784344347553036|0.92384336522513486901|1.9460329531269460|1.9008970760787864
Asotin County|2000|0.96680939392465559408|0.96222201109760370572|1.8603402325024229|1.8202465226434041
Assumption Parish|2000|1.0028830528981143|0.97960144784711547897|1.8834462877121839|1.8427363835804731
Atkinson County|2000|0.94719938203219287265|0.91234264053634230199|1.9032996225736599|1.8577441372119122
Atlantic County|2000|0.94190009475925030327|0.93821495754249207168|1.8054809726089203|1.8005418923680346
Avery County|2000|0.99831490177814516609|0.92243835469787777620|1.9046846947190079|1.8108553922817273
Barrow County|2000|0.96658297359044809356|0.92634975296805558141|1.8688580465627733|1.8483199812313252
Beadle County|2000|0.94848860361540504824|0.91957182115491516772|1.8727865901991386|1.8510345727604763
Beaver County|2000|0.98945031933258118188|0.95197588831236565523|1.8715539915294860|1.8249783986312264
Berkeley County|2000|0.95779341994844507271|0.95387821949828289140|1.8798237972326544|1.8094307329591126
Bond County|2000|0.99313984102138102022|0.95772681564894416258|1.8647914151121048|1.8445449414237133
Bonner County|2000|0.98879667964837498827|0.94414897478929969398|1.7883526181328696|1.7768267278370629
Bonneville County|2000|0.98580917931692509060|0.93533807061253129375|1.8786419398269680|1.8557377624055062
Boone County|2000|0.96861768991922542551|0.93549489932715659567|1.8521522888907647|1.8444728232211914
Botetourt County|2000|0.93746812370817171686|0.92987293903546403715|1.8768920478531603|1.8286938615648220
Bottineau County|2000|0.97203173881441631557|0.95208912365491171665|1.8392312540996336|1.7894106151883519
Boyd County|2000|0.96346385921358533248|0.92514659603469848193|1.8948020954667696|1.8753111239592218
Boyle County|2000|0.95563955028293046123|0.94203439800132601144|1.9238842820092249|1.8394848566246627
Brantley County|2000|0.95558410163387599278|0.93295490077725870398|1.8892704989845668|1.8511704938555312
Braxton County|2000|0.97995242152666562964|0.93515221482888744682|1.8437304152910464|1.7735278457021741
Brewster County|2000|0.97538799822709047407|0.94355548891180698675|1.8563942953621051|1.8269677303915666
Briscoe County|2000|0.93651318446906874015|0.91786928659080789992|1.8952105700140107|1.8532015269832074
Buena Vista County|2000|0.96451221511391774381|0.91440655602732194443|1.9172604509088335|1.9147629602255466
Bulloch County|2000|0.98734866834552048032|0.97990702317961242855|1.8584777519459750|1.8053515523592715
Bureau County|2000|0.95428161794697886648|0.93217699627743671316|1.8851432406648300|1.8469259501578426
Burke County|2000|0.96197645525951321396|0.93430690049673847110|1.8649784224995780|1.8346940845590232
Burlington County|2000|1.0159479504648122|0.92423194298467468402|1.9310117856671706|1.8330150000813692
Calcasieu Parish|2000|0.93338116050629217341|0.91769466189022530787|1.9388291613301589|1.8672809627013344
Canadian County|2000|0.95920815809134334557|0.94370226719415793390|1.9489858685394926|1.8275932026470967
Candler County|2000|0.95303617888871707529|0.91766043945876906492|1.8802484605755399|1.8762967433873654
Cape Girardeau County|2000|0.93012305085709119417|0.92634825920501656685|1.8541035222121798|1.8504652979364956
Caribou County|2000|0.95088325676005119775|0.93971116418709088798|1.9116221723022950|1.8608530790001393
Castro County|2000|1.0093841926457350|0.92100147319751734547|1.8323850515378744|1.8113614360602921
Caswell County|2000|0.94992319805720073247|0.93127768635107568188|1.9325899938776419|1.8941619722301652
Cecil County|2000|0.97380083846391153316|0.91917481998009537115|1.9015714614741730|1.8809365208733998
Cedar County|2000|0.96053484956979252455|0.92725803006711078607|1.8587403553430301|1.8479307645237104
Centre County|2000|1.0025547970635777|0.97288525285417887883|1.8536843174073028|1.8422804142453611
Chase County|2000|0.98111919321630237383|0.94663125104198340449|1.8646152195062139|1.8336310535202880
Chautauqua County|2000|0.99142262934768212844|0.95085345037829459107|1.8604069024108428|1.8369219976476366
Chemung County|2000|0.97034414394353961678|0.93165268476622080208|1.8794673286151372|1.8150358855960105
Chittenden County|2000|0.93842338694931000411|0.93606263578302824552|1.9536094766472628|1.8402790126532932
Choctaw County|2000|0.95982741812549359858|0.92124034678020382373|1.8761252336973163|1.8734038653894894
Chouteau County|2000|0.97820963141033006615|0.94293001148729063870|1.8578685119873614|1.8525876349782957
Chowan County|2000|0.93972681806772583500|0.92452626926489592559|1.9461543753667575|1.8449298435976676
Cibola County|2000|1.0199239686977636|0.95685344502511037079|1.8238370556351866|1.8193094840089878
Clearfield County|2000|0.99679596307455243076|0.97621609133079911642|1.8996134078503078|1.8219832074950639
Clearwater County|2000|0.93243574252843425279|0.91213033638751184999|1.8756485641920310|1.8644635748825226
Cleburne County|2000|0.95351946171238072786|0.94059867090558867574|1.9068114311167502|1.8567649740552544
Cloud County|2000|0.95357092485992384928|0.93145596559400238727|1.9375361022483168|1.8747526188707444
Cochran County|2000|0.97008429193184229281|0.93382897725951094604|1.9006535792272629|1.8761210169585779
Coke County|2000|0.96327200462855826179|0.94902805605720113284|1.8089966046475767|1.8038694299585746
Coles County|2000|0.98047689349938836142|0.94219411670589408894|1.9234234262025553|1.8478037338410535
Collin County|2000|0.97243929510208807476|0.95905765517806766320|1.8854300920599160|1.8722786249787343
Collingsworth County|2000|0.95291086939501402739|0.93087584002568882099|1.8413003494251737|1.8246859185724490
Colusa County|2000|1.0029821178053514|0.97842830095158831193|1.7958166086761539|1.7912594745349917
Converse County|2000|0.99552539608018020097|0.93765240295614254939|1.8719147552886970|1.8249584856911665
Cook County|2000|0.94237934581106501582|0.93310346158930032034|1.8752461036010674|1.8300443125572611
Cooke County|2000|0.98088618990279558664|0.94420085307172575298|1.8390078268803370|1.8355610561722584
Coosa County|2000|0.96502828752638280690|0.93248721217388204168|1.8880299963266857|1.8225890838965840
Cowley County|2000|0.94352921896764088489|0.92230093878501118183|1.9177129487527378|1.8400913586133832
Cumberland County|2000|0.92837245350173789006|0.92404576384854382982|1.8862680895899599|1.8627181297325662
Dade County|2000|0.92179880666694389466|0.91069389867677379806|1.9119978307377914|1.8767142272872059
Dakota County|2000|0.96281483403180585963|0.94492858348316040672|1.8302992148944562|1.8272190917589219
Dallam County|2000|0.93444651448356413018|0.93127070600182350455|1.9507825714692077|1.9174104341666050
Delaware County|2000|0.94859379585592819049|0.94048411389242595233|1.8489050042444226|1.8459153387883067
Denali Borough|2000|0.99387667374096185029|0.93931235984185464959|1.9156691363581105|1.8481602302959743
DeSoto County|2000|0.95244723896389522084|0.92976175304427608493|1.8377560855976483|1.8195524403996592
Deuel County|2000|0.94270443759420479340|0.92393736701037299639|1.8006760594397368|1.7901509447838770
Divide County|2000|0.94475342759207390862|0.93878175922994680254|1.8350867428568393|1.8275557617099796
Doddridge County|2000|1.0088912747290691|0.91335028619147646915|1.8748364288995287|1.8449511323668538
Dolores County|2000|0.98758634183478492087|0.95437289448032095306|1.9132687128673340|1.8335794496667635
Duplin County|2000|0.96608819630330581883|0.90917717356641406919|1.9528329525725622|1.8966401532575455
Eau Claire County|2000|0.99471359594470162486|0.94121411545724584785|1.9057976662405634|1.7829350602569703
Eddy County|2000|0.94891657458672889727|0.94319435857347659344|1.8263206281127110|1.8239571233758579
Edgar County|2000|0.95125659318655635873|0.92422100999894001599|1.9429787783867536|1.8567301283165341
Ellis County|2000|0.93710422076856914342|0.93552454607308593829|1.8934369887270948|1.8666269292915222
Faribault County|2000|0.92442126140721290327|0.91222108985062291068|1.9862175799344999|1.8658893713624774
Florence County|2000|0.92564174296293806872|0.92077693903229582275|1.9030052292664772|1.8839848938541125
Foster County|2000|0.94209533081036104024|0.93421586931051189141|1.8695738170356567|1.8478142761602311
Franklin County|2000|0.93660082844584427975|0.92911178099695833628|1.8782729632582323|1.8503740359240583
Gage County|2000|0.93833033210835953231|0.92802079607947762100|1.9027969173127514|1.8934367381034792
Garrett County|2000|0.95455812834822861390|0.93312784506956040274|1.9133676417837440|1.9042719900465921
Garvin County|2000|0.91450666047905334626|0.91317784414649784953|1.9458881981178045|1.8919601130723673
Gibson County|2000|0.95603198704493398423|0.92986814753679440487|1.9036093351456261|1.8369673907833435
Glacier County|2000|0.97883831449588291420|0.92902581398532966169|1.9494610641405088|1.8246848832217410
Glascock County|2000|0.99484584662280786553|0.92520826136822361283|1.8771554922396191|1.8524226775987012
Goochland County|2000|0.96289278497775659652|0.92373605919368965201|1.9324153206577522|1.9095750566215817
Goodhue County|2000|0.95773569207152792512|0.93879012482757377530|1.8368433722308210|1.8042745454102203
Gooding County|2000|0.95388708165845468221|0.92339224828419633106|1.9300026038532055|1.9093080637862202
Grand Traverse County|2000|0.97349602771997941149|0.94562559562408594088|1.9471712072130245|1.9009672674041053
Grant Parish|2000|0.98802529407089064156|0.95341619384706312667|1.8326891052945830|1.8183121727217839
Greenup County|2000|0.98960193905725786326|0.95484445094539889076|1.8402755640430644|1.8302239903508610
Grenada County|2000|0.96807432036746368994|0.90040171495451847539|1.8627219647133224|1.8561172654132680
Grundy County|2000|0.97738765544254046463|0.94366599970479965575|1.8574911486865773|1.8130579392206510
Harmon County|2000|0.98415858183260505164|0.93428038690050432741|1.8542734107784533|1.8282700667817654
Hartley County|2000|0.96924260821446475305|0.91769394893761026510|1.8811851649297495|1.8498115886541969
Haskell County|2000|0.97279226607494825822|0.92450185127194452965|1.9202275188564802|1.8948150185427407
Hawkins County|2000|0.95542895702662838862|0.94817658219055750556|1.8778457915052714|1.8627153413849464
Hays County|2000|1.0687568883279835|0.94415004728805631970|1.7909128558079183|1.7898246620844497
Hendry County|2000|1.0083444086561628|0.93648220180643835666|1.9486026275879319|1.8354272629726910
Henrico County|2000|0.99932512251795441302|0.93998550125469345303|1.9689309551826346|1.8383011085832151
Houston County|2000|0.96020304836993553258|0.93810231069587937095|1.8663707598199724|1.8502513195960213
Hughes County|2000|0.97136719683815307934|0.93253771839747155970|1.8862449292988509|1.8446403615615136
Ida County|2000|0.97083435839315079365|0.92787500790265237252|1.9367291989593349|1.8435286243496847
Idaho County|2000|0.98580564834576347852|0.95920340528101004882|2.0127987714533061|1.7968403682209804
Iredell County|2000|0.95273732213034702156|0.95194578926831312750|1.8743544671025062|1.8715250683131426
Irion County|2000|0.96209704266168228163|0.91350773509191597519|1.9510427015473197|1.8724870777198094
Iron County|2000|0.94044032734111968367|0.92698460601532396396|1.8524648798453446|1.8481920018516397
Iroquois County|2000|0.98856935845050716749|0.94088386130960363452|1.8595476822750370|1.7841784929837380
Island County|2000|0.96865368689594099093|0.93984938512282113906|1.8564182422070504|1.8256944041719341
Issaquena County|2000|1.0433709302153803|0.93153592327405333057|1.8513322076199717|1.7812677160927945
Jefferson County|2000|0.94142291991029816240|0.93673234662320992495|1.8575392727790980|1.8452505438679029
Jefferson Davis County|2000|0.94602928517661116340|0.91436758809233322708|1.8664659227761397|1.7827810467162785
Jerauld County|2000|0.96372038821795338188|0.94730806015725282202|1.9115500448878076|1.9041280773351881
Kalkaska County|2000|0.95588017780139467371|0.93343147224901631198|1.9248533199744016|1.8228252083751860
Kearny County|2000|0.92979879055022796704|0.90479422137338788430|1.9646604512622124|1.8396533149983822
Kidder County|2000|0.94936594457096252056|0.91486470732644050809|1.9853246920402406|1.9232365649596542
Kimball County|2000|0.97059871717775650313|0.92491182439227673351|1.8140859405599121|1.7644908634939501
King George County|2000|0.91041944481093978095|0.89905860726399889030|1.9483942740983776|1.8661772463519382
Kingsbury County|2000|0.98259628782178519933|0.93778187297779183858|1.8927791187484016|1.7778306616082166
Kinney County|2000|0.93991094053417579738|0.91985839071751888080|1.8098086676798634|1.8089687417127186
Laclede County|2000|0.96560496996605147554|0.95091393948618080198|1.8996988378079456|1.8541939351265849
Lake County|2000|0.93089167061544388889|0.92854493921148228855|1.8666325629063975|1.8585307272349344
Lamb County|2000|0.96705015066726911695|0.91691676583648712779|1.9559597775877143|1.8427269364896915
Lanier County|2000|0.95401349403228095503|0.94508316873359493184|1.8553845021963058|1.8092581269121367
La Porte County|2000|0.97278862279394583398|0.95625349288116203191|1.9119374707677205|1.8257459288508128
Larimer County|2000|0.94204620495217605156|0.93923011588706226146|1.8741335184321806|1.8254714701767295
Larue County|2000|0.92375362493927405635|0.90747534788371323034|2.0571598442515803|1.8931903430873761
Lauderdale County|2000|0.92418682342578299203|0.91767754638316137367|1.9441217556004370|1.8705373402284321
Leake County|2000|0.97140087102347633360|0.93366980785349049175|1.9068376991152592|1.8142888615825265
Lebanon County|2000|0.96706230190929438808|0.90054641334457052394|1.8754076701556092|1.8504981310677698
Leslie County|2000|0.95996876820261357216|0.89738071989848714446|1.8754588547959178|1.8646244094037530
Licking County|2000|1.0213747527636174|0.94444301847392491617|1.9027796538171514|1.8414848215206221
Lunenburg County|2000|0.99174199135368924071|0.96745999510822847736|1.9084639466252280|1.8212010110104368
Macon County|2000|0.95359778306132257900|0.93104815713494602524|1.8859039773663161|1.8812030081716143
Manassas city|2000|0.99192358624825607342|0.91462319233600613572|1.9666330151917074|1.8652790751682754
Manistee County|2000|0.92249623922639340556|0.91260092394270193145|1.9439746783376803|1.8569819223665787
Marinette County|2000|0.94833337267281993251|0.91713354782627690465|2.0198400919675215|1.9273284195727546
Martinsville city|2000|0.96426360583715517493|0.93051394722184247919|1.8207192967881105|1.8131576725815716
Matanuska-Susitna Borough|2000|0.94531434106901144144|0.93859330470725685604|1.8860704810267715|1.8464563361810601
Maury County|2000|0.96759142751866271559|0.95709884584563394279|1.8436976118353987|1.7994106163477966
McCook County|2000|1.0038797882454612|0.97752214671019004707|1.8579766351958032|1.8297311023007091
McDonough County|2000|0.98481573672477079661|0.92780348414656610542|1.8634210946281481|1.8522540070638263
McLennan County|2000|0.95783872543654151880|0.93868856923655918738|1.8814286220391405|1.8668547953008694
Mecosta County|2000|0.97250533419963751073|0.94856921565012338386|1.8910471813671186|1.8110668394334892
Miami County|2000|0.95521880771284860792|0.95208886684325456991|1.8858141682563805|1.8621678971287314
Mifflin County|2000|0.94896527423635579215|0.92950637058759946656|2.0123188960526547|1.8946165490320226
Mills County|2000|0.95960575965515725284|0.92162152636745923442|1.8908559013917863|1.8458547555156843
Modoc County|2000|0.96258245070624711374|0.95053663097130792206|1.8666729357124935|1.8611408799147603
Monongalia County|2000|0.97319212681543702079|0.94103087711428968073|2.0258275822266498|1.9121582850127522
Montour County|2000|0.95857934907346815520|0.94239574188189795277|1.9180251504336005|1.8614300569542582
Moody County|2000|0.96800572242482579674|0.95331432444972111371|1.9123283116023525|1.8419866075228190
Moore County|2000|0.95647134697057660671|0.93492564435958795328|1.9149380032603537|1.8360709770095051
Morrill County|2000|0.98242980072267307339|0.93962881306223311441|1.8248637249605305|1.8182325275272717
Morris County|2000|0.93936591954753986860|0.92856572130265144849|1.9262348530843277|1.8514379874553319
Murray County|2000|0.93723295287975232345|0.93354424994601756758|1.8995163800892367|1.8403429432059893
Muscatine County|2000|0.94840246376043037794|0.94421841855864526442|1.8214952717494035|1.8105336435445645
Muskogee County|2000|0.95680324327739489701|0.92837201545759468035|1.8833622542476760|1.8682950126568524
Nance County|2000|0.96305459605047656367|0.95234284023127589880|1.8355042882551491|1.7693259994636079
Nantucket County|2000|0.95098537542474228213|0.94426306340533703892|1.8207026425721584|1.8156721963055808
Navajo County|2000|0.92864586661503482343|0.91153753164980936510|1.8461934457375516|1.8442519665642715
Nemaha County|2000|0.93704833988139138098|0.93690263734025380489|1.9303180384202780|1.8229639514698711
Neosho County|2000|0.91617188669722387673|0.91472403221157898898|1.9702768195888488|1.8911586145181090
Neshoba County|2000|0.96823989648533499405|0.96038807389801371746|1.8295114913990373|1.8217718815548995
Newberry County|2000|1.0116431813961968|0.98263693060713020354|1.8458368029658322|1.7864158858020705
New Castle County|2000|1.0511316590208092|0.99132589911330668019|1.8340798169610651|1.8043964872748670
New Haven County|2000|0.92863844359813176360|0.88238007397463726465|1.9037787815594711|1.8839756436157332
Newport County|2000|0.95917594623534592648|0.94010087304711920597|1.9034438093782255|1.8160481922700873
Niobrara County|2000|0.94424393402006617409|0.92503472956733193941|1.9757326431553839|1.8869359886094917
Nolan County|2000|0.96404117732629317518|0.94947234572810112271|1.8011671899681636|1.7823122426296565
Nottoway County|2000|0.93889921430993029281|0.93731423777559276265|1.9550168519761993|1.8462797099924720
Oconto County|2000|1.0064613169428081|0.94085084307861413136|1.8451476862990554|1.8127810117046624
Ogemaw County|2000|0.90934450198965825260|0.89868369109467107232|1.9078800071960633|1.8932321598422633
Okanogan County|2000|0.91858424301514176838|0.87211385792367754944|1.8863493259388915|1.8662146175749188
Okeechobee County|2000|0.95147293324642179450|0.93682536358505262915|1.8272915401659355|1.8185600378152950
Okfuskee County|2000|0.95627751858232776779|0.93944108454066270827|1.8850732378672564|1.8453297601289423
Oklahoma County|2000|0.96560355368493921671|0.92501874366717124139|1.8433718939697200|1.8081571320242818
Okmulgee County|2000|0.93825226734407410387|0.91191256645125336665|1.9183980131803569|1.9085834545323522
Oliver County|2000|0.97363367089947986459|0.95238948755905138405|1.8854611328975292|1.8343322732288714
Orangeburg County|2000|0.95540893617450267411|0.94530404921902629781|1.8791463160644902|1.8298016291375999
Osceola County|2000|0.94909662122999647249|0.93827273923533113919|1.9005413990166574|1.8638914850110584
Oswego County|2000|0.93524447557146484389|0.90403587500865811421|1.9065883968109470|1.8593202569021301
Ozaukee County|2000|0.94423455434667471684|0.93554829662720234883|1.8762684340240433|1.8531756192725126
Pawnee County|2000|0.94761717123395672772|0.93896368507962275691|1.8685898215393460|1.8323928278762100
Payne County|2000|0.97072338278257341556|0.94876523722806044704|1.8465208785013379|1.8349991874975179
Pendleton County|2000|0.93309474544118635616|0.91604023936701112044|1.9201166625659968|1.8895979351311433
Philadelphia County|2000|0.96631408031031700043|0.95974117141757229771|1.8726787193665376|1.8405545512753725
Phillips County|2000|0.94067963172984359136|0.93843550187771277389|1.8534151759228987|1.8471247577668077
Piatt County|2000|0.93016468113160575067|0.91759342867678420670|1.8246894254699791|1.8161254368865711
Pierce County|2000|0.93562054077850900669|0.93060798744985169720|1.8788459931497329|1.8535984044130136
Pike County|2000|0.94168282078583885030|0.92674697589848555156|1.8682370415092711|1.8440980181203578
Pinal County|2000|0.98632639578449683516|0.96754824212841053986|1.8911295362199473|1.7652452202046036
Pittsylvania County|2000|0.95604565089376192500|0.93912729253989826787|1.8704194557240482|1.8541979897313583
Piute County|2000|0.93835765745986332957|0.92542576943540752981|1.9291217651677237|1.8712966597579159
Placer County|2000|1.0058962798118917|0.92623189789351121529|1.8404804669155378|1.8365969572506529
Porter County|2000|0.95787366045237681899|0.92408383633198313190|1.8341028424383434|1.8334365916930141
Power County|2000|0.95447075295333033409|0.93013096811703941975|1.9504755767944506|1.8917856202715135
Queens County|2000|1.0199582364227278|0.96136010385665964707|1.8912950713077034|1.8125742851662047
Radford city|2000|0.97457874439025199813|0.95885212419003675715|1.8765268370900909|1.8276874697064625
Raleigh County|2000|0.95748711992315984145|0.94360824669798162365|1.8262815786506827|1.8244204555950140
Ramsey County|2000|0.97346614446664557958|0.96275516664206866977|1.8233931493678710|1.8122107508045154
Randolph County|2000|0.97058503471502866016|0.94016491780226531162|1.8188132910714464|1.8184894692639715
Rappahannock County|2000|0.92640621265135344447|0.92329035063822086281|1.9098237369419694|1.8970317725637122
Red Willow County|2000|0.97382628545441209329|0.94185821263084383200|1.8817401661496465|1.8723788526297289
Reno County|2000|0.96359867874583583105|0.92921303669878062200|1.9132002191307789|1.9043365104109202
Republic County|2000|0.97356491397823339302|0.96263947751070113245|1.9377961991056666|1.7723382236793942
Richland County|2000|0.96891498761213512181|0.94623000042626627713|1.8566041835878427|1.8324428086770066
Roane County|2000|0.96072086794725975135|0.95412806745262827465|1.8996283249407484|1.7875537926945238
Robertson County|2000|0.92930355959312379131|0.92210521306028450768|1.8508643767396817|1.8268010541875245
Rockingham County|2000|0.94221235636487370303|0.93643896584140444574|1.8768555314077940|1.8660751526987354
Rockwall County|2000|0.95756406472777371374|0.93903299150749230730|1.8546676650891160|1.8372761697726753
Rogers County|2000|0.95604513833808733568|0.91793054006106499655|1.9130185767682445|1.8737184669370521
Roscommon County|2000|0.93185402364629079932|0.88730726923595668450|1.9021268267140631|1.8896271300557112
Ross County|2000|0.89774924252787341608|0.89433762866295212203|2.1088404537802385|1.8522524422996895
Routt County|2000|0.97673228187132758126|0.94337403407118710003|1.9243258165355474|1.8591667262912902
Runnels County|2000|0.94806444791223813368|0.90924393695157617137|1.8718385062339675|1.8680167453079637
Rush County|2000|0.99031579048160816116|0.96092969844254925044|1.8477198021977387|1.8370691479971802
Sacramento County|2000|0.95390001102682237309|0.95339121167908788705|1.9728766440868623|1.7958173272875772
Saguache County|2000|0.94872757963450340797|0.92160745599875869820|1.8802374829848659|1.8489517119298379
Salem city|2000|0.94589401005580448460|0.93192984371644072294|1.9142463370384613|1.9006480668276655
Salem County|2000|0.99112583879722819960|0.92511456090012906135|1.8459350947769108|1.8314710008267775
San Bernardino County|2000|0.93979327822357677620|0.92065711256582292931|1.8940083148460722|1.8402722908861364
San Joaquin County|2000|0.95895580099711655784|0.95199891122861394738|1.7853446864865616|1.7622432967744931
Sarpy County|2000|0.95510474794906028059|0.91624499492778240728|2.1178453602524487|1.8815649012000871
Schenectady County|2000|0.94996782849744675496|0.93154737085720873421|1.8418201423260408|1.8353471034138431
Scioto County|2000|0.92209393163918318939|0.92103961436000460144|1.8800381379211899|1.8673491534531527
Scurry County|2000|1.0211126643433598|0.99402088795348552562|1.8109106580789008|1.7709733768820856
Seneca County|2000|0.97052374804675787170|0.93471153408532208608|1.9096783007866429|1.8959029348314964
Silver Bow County|2000|0.96676160702393951984|0.95406097607598084518|1.8521836626998930|1.8393692929822650
Smyth County|2000|0.94728025271574641456|0.92995315436436237940|1.8592567607829583|1.8187381181800177
Southampton County|2000|0.96032566506194167647|0.92626726434228937147|1.9116358457191916|1.8597012760363527
Stafford County|2000|0.96820403655882239879|0.94435814709784643598|1.8442064031655782|1.8346364129609003
Steele County|2000|0.95928893810420796494|0.95505527851181667551|1.8761850788419950|1.7721149309086758
Storey County|2000|0.98885457340062796875|0.94084408483217860890|1.8554775187825818|1.8056233236368630
Sublette County|2000|0.94142060256958089100|0.91151483586343099440|1.8889167060840831|1.8168047074079077
Sully County|2000|1.0393365691221481|0.96004990125997633881|1.8442569612004965|1.8358163188105579
Susquehanna County|2000|0.97044044815123393075|0.94405442965842538722|1.8660074137449991|1.8371217460694656
Sutton County|2000|0.94904047162541409627|0.91494498168342281718|1.9024676847740322|1.8432669378367414
Sweet Grass County|2000|0.92921287377676585539|0.92181182459217558991|1.8773656839818491|1.8055055492570616
Sweetwater County|2000|0.94912496759212422370|0.93130156653037050344|1.9321838521707070|1.8233309510783847
Swisher County|2000|0.96850664853317150263|0.95132477856306394476|1.9498944928308781|1.8301786935005986
Tehama County|2000|0.99444297894730067420|0.91281896929450272012|2.0182542718076812|1.8733137441427339
Teller County|2000|0.91788593127391210929|0.89641926616137385300|1.9431368931489938|1.8728558114453162
Terrebonne Parish|2000|0.95474070912283970431|0.94411367370815169912|1.9222624950512561|1.8798577827409264
Terrell County|2000|0.96593249624579684724|0.95466325335823752043|1.8743453817912355|1.8001288276143274
Terry County|2000|0.92486983872258785462|0.91583728658523990572|2.0715310277229448|1.9348065156816524
Thomas County|2000|0.96199919589715199617|0.94033829734665110369|1.8605242218218378|1.8273967934542281
Thurston County|2000|0.94591316866739383526|0.91735796502910775658|1.8970386009054254|1.8643118516634482
Tift County|2000|0.95086784006201253251|0.94206566585296363803|1.9870412495491802|1.8813269702734128
Toombs County|2000|0.94357270486122734223|0.92361585643904705452|1.8413236853893330|1.8261110005784011
Towner County|2000|0.96900700816805827127|0.95026265507503052050|1.9367008394329225|1.8580510719270375
Traill County|2000|0.91935854591309216779|0.90448878273080413652|1.9467197209448030|1.9288652990901891
Tripp County|2000|0.97189558104041658177|0.91434769947350343221|1.9341408257490582|1.8679419704358338
Tucker County|2000|1.00000715387151819349|0.96489813000148484059|1.8298696637774176|1.8274989691140963
Tunica County|2000|0.90956158243670244413|0.90719552870944072809|1.9724765045048842|1.8210617793550244
Twin Falls County|2000|1.0172784143666677|0.94603982248641516686|1.8598750421637080|1.8450370299643260
Tyrrell County|2000|0.94384792044948471801|0.93024342362666014222|1.9337029734418125|1.8692731526252971
Ulster County|2000|0.94512384076845835894|0.93935792040408861696|1.9214564415675854|1.8640206474039407
Umatilla County|2000|0.96797905312337364740|0.96349585266584439351|1.8748913052565893|1.8560928224619214
Valdez-Cordova Census Area|2000|0.92228625931885558275|0.91786778141727527325|1.9496782865847615|1.8640015245001033
Van Wert County|2000|0.95034796590997414890|0.93591017481826075490|1.8860303424029154|1.8451413441029738
Wabash County|2000|0.97533986046351765012|0.93531207634619418799|1.9967883829875866|1.8618744714622728
Wake County|2000|0.96091564532093797635|0.90504605510638170671|1.9020253586427733|1.8508523194872544
Walla Walla County|2000|0.95314348240983563678|0.89223425345374559372|1.9254217397954047|1.9210632296662938
Walton County|2000|0.93092103653612920797|0.91574073793746763120|1.9245960879834007|1.8703614872444402
Washtenaw County|2000|0.93780525690852710899|0.90990569432611587135|1.9408154976703040|1.9226533596568875
Waushara County|2000|1.0019408042496053|0.91546068187521034823|1.9137632193241478|1.8330611483128058
Wayne County|2000|0.95459539961694795831|0.94799289408907430106|1.8437283832103156|1.8373873934345664
Weber County|2000|0.94653452361137251218|0.92739040419148736965|1.8866516329413187|1.8308837150966737
West Carroll Parish|2000|0.96346914680457592324|0.94409184745321937953|1.8386120237991603|1.8170126774251047
West Feliciana Parish|2000|0.98236309998378893094|0.96583081837391359716|1.8216962598592736|1.8111312183828295
Wilcox County|2000|0.94433608067955207240|0.92195347734809601819|1.9042274533642023|1.8797699574807070
Williamsburg city|2000|0.97838285137443561479|0.96596452302428429767|1.8730776150109772|1.8078048984173300
Winnebago County|2000|0.96884212626944053154|0.93894586844797414283|1.9021897835486827|1.8486138332762510
Winneshiek County|2000|0.92889419878872058201|0.91574540642027977207|1.9029821044161508|1.8733869462444076
Wirt County|2000|0.92831469948503504057|0.91726107297198449906|2.0310315297460329|1.8433457594442082
Woodford County|2000|0.94682182839189365217|0.92063517541136410946|1.9195731285469337|1.8513875953632944
Woods County|2000|1.0435925833509914|0.95233219436533561945|1.7813651801381548|1.7763107337168750
Woodson County|2000|0.96771548428294208927|0.93322810006664948297|1.9407657359332684|1.8291706462429711
Wyandotte County|2000|0.99608619686097007939|0.96979009224505381109|1.8540502057934558|1.8448746000179023
Yadkin County|2000|0.97648737652658867817|0.93796641442949268875|1.8538573403508713|1.8231186100983220
Yancey County|2000|0.99101504812942355474|0.91292113582490879346|1.8957376740059360|1.8332168443900159
Yuma County|2000|0.93522695817035403692|0.92610746600072064144|1.9134185911060337|1.8874202993355276
