AK|F|D|17|0|0|0|0|17|0|0|0|0|17|0|0|0
AK|F|D|11|0|0|0|0|11|0|0|0|1|11|1|1|1
AK|F|D|11|0|0|0|0|11|0|0|0|2|11|2|2|2
AK|F|D|7|0|0|0|0|7|0|0|0|3|7|3|3|3
AK|F|D|12|0|0|0|0|12|0|0|0|4|12|4|4|4
AK|F|D|11|0|0|0|0|11|0|0|0|5|11|5|5|5
AK|F|D|9|0|0|0|0|9|0|0|0|6|9|6|6|6
AK|F|D|13|0|0|0|1|13|1|1|1|0|13|0|0|0
AK|F|D|11|0|0|0|1|11|1|1|1|1|11|1|1|1
AK|F|D|6|0|0|0|1|6|1|1|1|2|6|2|2|2
AK|F|D|15|0|0|0|1|15|1|1|1|3|15|3|3|3
AK|F|D|13|0|0|0|1|13|1|1|1|4|13|4|4|4
AK|F|D|10|0|0|0|1|10|1|1|1|5|10|5|5|5
AK|F|D|9|0|0|0|1|9|1|1|1|6|9|6|6|6
AK|F|D|13|0|0|0|2|13|2|2|2|0|13|0|0|0
AK|F|D|11|0|0|0|2|11|2|2|2|1|11|1|1|1
AK|F|D|11|0|0|0|2|11|2|2|2|2|11|2|2|2
AK|F|D|11|0|0|0|2|11|2|2|2|3|11|3|3|3
AK|F|D|10|0|0|0|2|10|2|2|2|4|10|4|4|4
AK|F|D|8|0|0|0|2|8|2|2|2|5|8|5|5|5
AK|F|D|11|0|0|0|2|11|2|2|2|6|11|6|6|6
AK|F|D|11|0|0|0|3|11|3|3|3|0|11|0|0|0
AK|F|D|13|0|0|0|3|13|3|3|3|1|13|1|1|1
AK|F|D|15|0|0|0|3|15|3|3|3|2|15|2|2|2
AK|F|D|10|0|0|0|3|10|3|3|3|3|10|3|3|3
AK|F|D|8|0|0|0|3|8|3|3|3|4|8|4|4|4
AK|F|D|16|0|0|0|3|16|3|3|3|5|16|5|5|5
AK|F|D|16|0|0|0|3|16|3|3|3|6|16|6|6|6
AK|F|D|10|0|0|0|4|10|4|4|4|0|10|0|0|0
AK|F|D|11|0|0|0|4|11|4|4|4|1|11|1|1|1
AK|F|D|16|0|0|0|4|16|4|4|4|2|16|2|2|2
AK|F|D|14|0|0|0|4|14|4|4|4|3|14|3|3|3
AK|F|D|10|0|0|0|4|10|4|4|4|4|10|4|4|4
AK|F|D|10|0|0|0|4|10|4|4|4|5|10|5|5|5
AK|F|D|16|0|0|0|4|16|4|4|4|6|16|6|6|6
AK|F|D|17|0|0|0|5|17|5|5|5|0|17|0|0|0
AK|F|D|9|0|0|0|5|9|5|5|5|1|9|1|1|1
AK|F|D|11|0|0|0|5|11|5|5|5|2|11|2|2|2
AK|F|D|8|0|0|0|5|8|5|5|5|3|8|3|3|3
AK|F|D|11|0|0|0|5|11|5|5|5|4|11|4|4|4
AK|F|D|13|0|0|0|5|13|5|5|5|5|13|5|5|5
AK|F|D|12|0|0|0|5|12|5|5|5|6|12|6|6|6
AK|F|D|11|0|0|0|6|11|6|6|6|0|11|0|0|0
AK|F|D|11|0|0|0|6|11|6|6|6|1|11|1|1|1
AK|F|D|10|0|0|0|6|10|6|6|6|2|10|2|2|2
AK|F|D|10|0|0|0|6|10|6|6|6|3|10|3|3|3
AK|F|D|10|0|0|0|6|10|6|6|6|4|10|4|4|4
AK|F|D|4|0|0|0|6|4|6|6|6|5|4|5|5|5
AK|F|D|12|0|0|0|6|12|6|6|6|6|12|6|6|6
AK|F|D|9|1|1|1|0|9|0|0|0|0|9|0|0|0
AK|F|D|11|1|1|1|0|11|0|0|0|1|11|1|1|1
AK|F|D|14|1|1|1|0|14|0|0|0|2|14|2|2|2
AK|F|D|11|1|1|1|0|11|0|0|0|3|11|3|3|3
AK|F|D|11|1|1|1|0|11|0|0|0|4|11|4|4|4
AK|F|D|2|1|1|1|0|2|0|0|0|5|2|5|5|5
AK|F|D|9|1|1|1|0|9|0|0|0|6|9|6|6|6
AK|F|D|12|1|1|1|1|12|1|1|1|0|12|0|0|0
AK|F|D|7|1|1|1|1|7|1|1|1|1|7|1|1|1
AK|F|D|10|1|1|1|1|10|1|1|1|2|10|2|2|2
AK|F|D|7|1|1|1|1|7|1|1|1|3|7|3|3|3
AK|F|D|9|1|1|1|1|9|1|1|1|4|9|4|4|4
AK|F|D|7|1|1|1|1|7|1|1|1|5|7|5|5|5
AK|F|D|13|1|1|1|1|13|1|1|1|6|13|6|6|6
AK|F|D|8|1|1|1|2|8|2|2|2|0|8|0|0|0
AK|F|D|17|1|1|1|2|17|2|2|2|1|17|1|1|1
AK|F|D|16|1|1|1|2|16|2|2|2|2|16|2|2|2
AK|F|D|12|1|1|1|2|12|2|2|2|3|12|3|3|3
AK|F|D|12|1|1|1|2|12|2|2|2|4|12|4|4|4
AK|F|D|9|1|1|1|2|9|2|2|2|5|9|5|5|5
AK|F|D|8|1|1|1|2|8|2|2|2|6|8|6|6|6
AK|F|D|7|1|1|1|3|7|3|3|3|0|7|0|0|0
AK|F|D|10|1|1|1|3|10|3|3|3|1|10|1|1|1
AK|F|D|5|1|1|1|3|5|3|3|3|2|5|2|2|2
AK|F|D|8|1|1|1|3|8|3|3|3|3|8|3|3|3
AK|F|D|12|1|1|1|3|12|3|3|3|4|12|4|4|4
AK|F|D|10|1|1|1|3|10|3|3|3|5|10|5|5|5
AK|F|D|13|1|1|1|3|13|3|3|3|6|13|6|6|6
AK|F|D|6|1|1|1|4|6|4|4|4|0|6|0|0|0
AK|F|D|10|1|1|1|4|10|4|4|4|1|10|1|1|1
AK|F|D|14|1|1|1|4|14|4|4|4|2|14|2|2|2
AK|F|D|17|1|1|1|4|17|4|4|4|3|17|3|3|3
AK|F|D|11|1|1|1|4|11|4|4|4|4|11|4|4|4
AK|F|D|10|1|1|1|4|10|4|4|4|5|10|5|5|5
AK|F|D|13|1|1|1|4|13|4|4|4|6|13|6|6|6
AK|F|D|7|1|1|1|5|7|5|5|5|0|7|0|0|0
AK|F|D|17|1|1|1|5|17|5|5|5|1|17|1|1|1
AK|F|D|11|1|1|1|5|11|5|5|5|2|11|2|2|2
AK|F|D|11|1|1|1|5|11|5|5|5|3|11|3|3|3
AK|F|D|13|1|1|1|5|13|5|5|5|4|13|4|4|4
AK|F|D|12|1|1|1|5|12|5|5|5|5|12|5|5|5
AK|F|D|17|1|1|1|5|17|5|5|5|6|17|6|6|6
AK|F|D|15|1|1|1|6|15|6|6|6|0|15|0|0|0
AK|F|D|10|1|1|1|6|10|6|6|6|1|10|1|1|1
AK|F|D|9|1|1|1|6|9|6|6|6|2|9|2|2|2
AK|F|D|14|1|1|1|6|14|6|6|6|3|14|3|3|3
AK|F|D|13|1|1|1|6|13|6|6|6|4|13|4|4|4
AK|F|D|14|1|1|1|6|14|6|6|6|5|14|5|5|5
AK|F|D|14|1|1|1|6|14|6|6|6|6|14|6|6|6
AK|F|D|12|2|2|2|0|12|0|0|0|0|12|0|0|0
AK|F|D|13|2|2|2|0|13|0|0|0|1|13|1|1|1
