AAAAAAAAAAABAAAA|47.8354609929078|75.1982553191489362|215.0021985815602837|36.7450212765957447
AAAAAAAAAAACAAAA|49.1144736842105|74.9252894736842105|227.4899078947368421|38.7229605263157895
AAAAAAAAAAAEAAAA|50.7006622516556|74.1772450331125828|167.3067019867549669|37.8931125827814570
AAAAAAAAAAAFAAAA|52.1777188328912|74.0895623342175066|131.1040716180371353|37.0113527851458886
AAAAAAAAAAAHAAAA|50.6864064602961|76.3087079407806191|157.7394347240915209|36.6873889636608345
AAAAAAAAAAAIAAAA|50.646408839779|75.5909530386740331|183.6769751381215470|36.5763812154696133
AAAAAAAAAABAAAAA|49.2737127371274|77.8997560975609756|225.0094444444444444|37.7438211382113821
AAAAAAAAAABBAAAA|50.7788203753351|77.9120107238605898|228.7325871313672922|39.1345710455764075
AAAAAAAAAABDAAAA|48.6634746922025|76.2574965800273598|181.8249794801641587|36.7566210670314637
AAAAAAAAAABEAAAA|49.4506089309878|74.5851014884979702|164.4276319350473613|37.6258728010825440
AAAAAAAAAABGAAAA|50.7073490813648|76.8684776902887139|184.5246062992125984|37.5816272965879265
AAAAAAAAAABHAAAA|50.7712328767123|77.2763013698630137|232.5606027397260274|38.1534520547945205
AAAAAAAAAACAAAAA|50.5140306122449|74.0218112244897959|174.1381377551020408|37.1321428571428571
AAAAAAAAAACCAAAA|51.9868247694335|72.9699209486166008|172.7102239789196311|35.7249802371541502
AAAAAAAAAACDAAAA|50.0216216216216|77.4586891891891892|206.6087027027027027|38.6994054054054054
AAAAAAAAAACFAAAA|50.9221476510067|74.3423221476510067|213.7440536912751678|35.7925369127516779
AAAAAAAAAACGAAAA|51.0465753424658|77.1554109589041096|184.7341917808219178|37.7680410958904110
AAAAAAAAAACIAAAA|50.1726519337017|77.8450000000000000|262.5759392265193370|38.7554005524861878
AAAAAAAAAADBAAAA|51.750350631136|78.0136044880785414|190.9693688639551192|37.8142356241234222
AAAAAAAAAADCAAAA|52.0637720488467|73.9205020352781547|177.7939213025780190|37.6788602442333786
AAAAAAAAAADEAAAA|53.3468286099865|75.7908636977058030|214.0088663967611336|40.0595276653171390
AAAAAAAAAADFAAAA|48.6859154929577|77.7585352112676056|254.4947042253521127|37.3840000000000000
AAAAAAAAAADHAAAA|51.5355704697987|76.6882147651006711|160.0802147651006711|38.0306174496644295
AAAAAAAAAADIAAAA|50.9849931787176|75.2421964529331514|149.3685538881309686|38.3429331514324693
AAAAAAAAAAEAAAAA|50.283044058745|75.1631241655540721|180.2223898531375167|37.6255273698264352
AAAAAAAAAAEBAAAA|49.0604838709677|73.8821774193548387|202.1896639784946237|36.2338037634408602
AAAAAAAAAAEDAAAA|49.8967921896792|76.9510460251046025|186.1450627615062762|38.1920223152022315
AAAAAAAAAAEEAAAA|51.0639455782313|75.6936598639455782|198.7935646258503401|36.3524081632653061
AAAAAAAAAAEGAAAA|50.5342465753425|75.0273561643835616|166.8150684931506849|37.2087123287671233
AAAAAAAAAAEHAAAA|50.4454545454545|75.7244545454545455|191.3573896103896104|38.9255324675324675
AAAAAAAAAAFAAAAA|51.8911917098446|76.4513471502590674|199.0331347150259067|38.2042875647668394
AAAAAAAAAAFCAAAA|50.4553191489362|75.0700425531914894|187.3981560283687943|37.7337021276595745
AAAAAAAAAAFDAAAA|51.75|78.3750568181818182|217.3991051136363636|40.2773721590909091
AAAAAAAAAAFFAAAA|50.4172185430464|76.0101192052980132|202.4898410596026490|38.2886490066225166
AAAAAAAAAAFGAAAA|50.0670241286863|77.6774128686327078|168.6166621983914209|38.0784852546916890
AAAAAAAAAAFIAAAA|49.589519650655|75.5954876273653566|220.5557933042212518|38.3883551673944687
AAAAAAAAAAGBAAAA|49.3242876526459|76.2806241519674355|164.1072727272727273|38.2363093622795115
AAAAAAAAAAGCAAAA|51.0291262135922|73.7987101248266297|192.6583911234396671|36.4912482662968100
AAAAAAAAAAGEAAAA|50.4026490066225|75.5018013245033113|151.8216953642384106|38.2437086092715232
AAAAAAAAAAGFAAAA|51.2763157894737|73.6553815789473684|134.6813421052631579|35.2821052631578947
AAAAAAAAAAGHAAAA|51.3135359116022|78.8963674033149171|208.0033701657458564|38.8685497237569061
AAAAAAAAAAGIAAAA|50.8609271523179|77.6987814569536424|218.7996423841059603|39.1893907284768212
AAAAAAAAAAHAAAAA|48.9307065217391|73.8290625000000000|179.7010326086956522|36.4520652173913043
AAAAAAAAAAHBAAAA|50.1036931818182|75.9693607954545455|255.6993039772727273|39.0577698863636364
AAAAAAAAAAHDAAAA|49.5486018641811|76.9440479360852197|166.5456990679094541|39.0807456724367510
AAAAAAAAAAHEAAAA|51.4186390532544|74.3037426035502959|165.4390976331360947|39.4287130177514793
AAAAAAAAAAHGAAAA|50.6372980910426|74.7600440528634361|158.4124816446402349|36.5795888399412628
AAAAAAAAAAHHAAAA|52.1320754716981|76.4474663072776280|232.3464285714285714|38.7568328840970350
AAAAAAAAAAIAAAAA|50.3138586956522|71.7644701086956522|171.7603804347826087|36.2680842391304348
AAAAAAAAAAICAAAA|48.2798948751643|79.7923258869908016|213.6266097240473062|39.9193298291721419
AAAAAAAAAAIDAAAA|49.3|78.5761666666666667|178.1444722222222222|39.9039722222222222
AAAAAAAAAAIFAAAA|50.0092838196286|75.4797745358090186|205.5751591511936340|36.7891246684350133
AAAAAAAAAAIGAAAA|50.2067567567568|76.2718783783783784|225.7560405405405405|38.2322297297297297
AAAAAAAAAAIIAAAA|50.2510231923602|74.9037653478854025|155.6960572987721692|38.7263983628922237
AAAAAAAAAAJBAAAA|49.7751633986928|72.8809673202614379|214.7028888888888889|37.6882614379084967
AAAAAAAAAAJCAAAA|49.9958960328317|72.2239398084815321|190.4474145006839945|36.3928317373461012
AAAAAAAAAAJEAAAA|50.4527777777778|76.8888888888888889|205.8349722222222222|37.8757361111111111
AAAAAAAAAAJFAAAA|48.872654155496|75.8156434316353887|196.5956434316353887|37.6659249329758713
AAAAAAAAAAJHAAAA|50.7228412256267|73.4862813370473538|187.4728412256267409|37.3546518105849582
AAAAAAAAAAJIAAAA|49.126329787234|75.0166755319148936|216.5451595744680851|38.3634308510638298
AAAAAAAAAAKAAAAA|48.9541160593792|74.9554116059379217|204.2067206477732794|38.0719298245614035
AAAAAAAAAAKBAAAA|50.0880420499343|75.6007621550591327|195.3792378449408673|35.9169382391590013
AAAAAAAAAAKDAAAA|49.8912133891213|76.5869037656903766|173.7835285913528591|38.4411436541143654
AAAAAAAAAAKEAAAA|48.5295815295815|76.7651226551226551|198.9164502164502165|39.0304761904761905
AAAAAAAAAAKGAAAA|49.4475431606906|74.7119920318725100|167.0616467463479416|37.9545019920318725
AAAAAAAAAAKHAAAA|50.1153305203938|76.2810267229254571|253.6285794655414909|37.0005625879043601
AAAAAAAAAALAAAAA|51.1418636995828|74.2679972183588317|179.3161474269819193|38.6514603616133519
AAAAAAAAAALCAAAA|51.0723860589812|75.4950000000000000|157.7217560321715818|39.7880026809651475
AAAAAAAAAALDAAAA|50.8847305389222|76.1161227544910180|188.1441017964071856|37.1767514970059880
AAAAAAAAAALFAAAA|50.4591029023747|77.9957915567282322|181.8682585751978892|39.4829815303430079
AAAAAAAAAALGAAAA|50.5647668393782|77.1908808290155440|171.7833678756476684|39.7483937823834197
AAAAAAAAAALIAAAA|51.2624309392265|79.0733563535911602|164.2970165745856354|38.3129558011049724
AAAAAAAAAAMBAAAA|50.1576763485477|76.6221300138312586|197.0903872752420470|37.4082572614107884
AAAAAAAAAAMCAAAA|48.6504992867332|78.1017403708987161|198.4947075606276748|39.0953067047075606
AAAAAAAAAAMEAAAA|51.2193808882907|75.6663930013458950|148.8085868102288022|38.4850740242261104
AAAAAAAAAAMFAAAA|49.4239130434783|76.4135326086956522|186.4835461956521739|38.9557880434782609
AAAAAAAAAAMHAAAA|49.8100128369705|76.8938254172015404|159.4497560975609756|38.5093581514762516
AAAAAAAAAAMIAAAA|52.5788751714678|76.2081893004115226|218.9834842249657064|37.9787379972565158
AAAAAAAAAANAAAAA|49.7230989956958|77.3486800573888092|252.5751506456241033|41.3128837876614060
AAAAAAAAAANBAAAA|49.2101167315175|78.6506225680933852|218.9193644617380026|37.8840337224383917
AAAAAAAAAANDAAAA|48.0724233983287|74.2023398328690808|200.0990250696378830|37.0540389972144847
AAAAAAAAAANEAAAA|50.5979971387697|77.4781115879828326|196.5722031473533619|39.2215736766809728
AAAAAAAAAANGAAAA|50.1862068965517|74.9867034482758621|239.4942896551724138|38.2497517241379310
AAAAAAAAAANHAAAA|49.9632653061225|80.9463809523809524|197.9310204081632653|41.1679863945578231
AAAAAAAAAAOAAAAA|48.4823066841415|74.4959108781127130|183.7751769331585845|38.3140235910878113
AAAAAAAAAAOCAAAA|49.6813186813187|76.1991071428571429|163.3025000000000000|38.6446428571428571
AAAAAAAAAAODAAAA|51.196159122085|78.6200411522633745|200.3212071330589849|39.4820576131687243
AAAAAAAAAAOFAAAA|50.4636118598383|75.0398921832884097|200.0801482479784367|38.9278032345013477
AAAAAAAAAAOGAAAA|51.3122171945701|77.7204223227752640|248.4370739064856712|40.4344193061840121
AAAAAAAAAAPBAAAA|49.890603085554|74.5009957924263675|198.6946283309957924|36.2408134642356241
AAAAAAAAAAPCAAAA|50.4504623513871|76.5328797886393659|197.9864597093791281|38.1773183619550859
AAAAAAAAAAPEAAAA|50.9138627187079|76.2612516823687752|175.8158008075370121|37.6579138627187079
AAAAAAAAAAPFAAAA|50.0815217391304|72.6255298913043478|220.9223097826086957|35.0058423913043478
AAAAAAAAAAPHAAAA|50.5227586206897|75.9671862068965517|191.3373517241379310|37.9027310344827586
AAAAAAAAABAAAAAA|49.8493333333333|76.5849600000000000|184.4162533333333333|39.3650666666666667
AAAAAAAAABABAAAA|49.1240208877285|76.1894908616187990|169.5776501305483029|36.7564621409921671
AAAAAAAAABADAAAA|50.3835616438356|72.7400000000000000|168.9450821917808219|36.4231095890410959
AAAAAAAAABAEAAAA|49.7774762550882|77.2670284938941655|161.5280325644504749|38.4722388059701493
AAAAAAAAABAGAAAA|49.1481481481481|76.2719341563786008|203.5715089163237311|39.1954732510288066
AAAAAAAAABAHAAAA|49.7303070761015|74.4823497997329773|200.9397997329773031|37.4960747663551402
