00608     |3.11
00659     |125.12
00669     |128.38
00716     |5.73
00725     |3.85
00750     |264.75
00762     |557.96
00769     |74.25
00791     |216.18
00936     |46.92
00944     |136.25
00999     |276.89
01011     |104.51
01099     |138.40
01134     |220.81
01187     |62.29
01452     |34.98
01687     |275.29
01801     |142.71
01829     |13.22
01889     |156.41
01987     |196.58
02121     |147.67
02275     |152.96
02311     |109.38
02349     |373.47
02357     |31.72
02421     |122.52
02504     |133.13
02533     |114.21
02552     |0.42
02810     |31.83
02819     |25.15
02876     |53.97
02893     |191.69
03077     |281.48
03103     |9.94
03221     |24.14
03408     |329.50
03412     |98.94
03498     |108.97
03603     |201.27
03960     |18.48
03994     |172.16
04051     |187.74
04111     |68.14
04124     |8.36
04204     |90.12
04283     |130.36
04551     |53.32
04692     |83.01
04698     |162.77
04707     |93.41
04720     |93.52
04736     |132.26
04767     |33.11
04844     |9.78
04873     |2.79
04889     |144.87
04924     |159.80
04938     |180.36
05066     |527.86
05136     |73.79
05154     |141.00
05193     |344.97
05202     |88.24
05286     |2.85
05349     |9.90
05352     |2.88
05454     |321.41
05575     |159.62
05638     |215.97
05715     |3.60
05724     |49.98
05881     |607.82
06023     |70.62
06176     |8.19
06191     |3.42
06223     |1.74
06309     |311.94
06317     |19.86
06352     |64.37
06404     |167.19
06417     |274.14
06503     |12.72
06580     |11.35
06600     |91.74
06645     |0.42
06660     |227.71
06698     |217.23
06792     |437.48
06884     |92.94
06943     |59.88
07134     |229.91
07157     |156.59
07214     |127.29
07268     |198.88
07387     |45.26
07467     |255.06
07471     |332.76
