1001001|1|1|1205666715.02|315202|1001001|1|1|2397953494.29|626483
1001002|1|1|1568485694.10|409289|1001002|1|1|1288577452.40|337124
1002001|2|1|1288969336.02|336947|1002001|2|1|2303412957.82|600734
1002002|2|1|1414272195.40|369211|1002002|2|1|1140704527.13|298004
1003001|3|1|1036006148.88|270799|1003001|3|1|1950023620.74|509678
1003002|3|1|1354518354.20|353523|1003002|3|1|1008384052.33|264111
1004001|4|1|1120718787.18|292922|1004001|4|1|2071264497.67|540561
1004002|4|1|1500401666.53|392251|1004002|4|1|1189587077.55|310986
2001001|1|2|1277076636.47|334574|2001001|1|2|2325787117.17|607946
2001002|1|2|1397525959.01|364925|2001002|1|2|1004252189.22|262479
2002001|2|2|1256905499.54|328243|2002001|2|2|2323646609.75|607736
2002002|2|2|1381439780.98|361166|2002002|2|2|1123820409.72|292930
2003001|3|2|1199088922.78|314022|2003001|3|2|2226753372.99|582042
2003002|3|2|1301811851.08|340338|2003002|3|2|997276752.33|260180
2004001|4|2|1276216218.71|333957|2004001|4|2|2454893668.99|642294
2004002|4|2|1469048662.08|383155|2004002|4|2|1108875925.23|289970
3001001|1|3|990229741.56|258663|3001001|1|3|2093193946.06|547407
3001002|1|3|1406500326.07|366897|3001002|1|3|1090105126.57|285360
3002001|2|3|1287130477.29|336624|3002001|2|3|2243958740.25|586789
3002002|2|3|1470736118.38|383963|3002002|2|3|1070086475.03|279651
3003001|3|3|1190956445.11|310533|3003001|3|3|2234561639.24|583895
3003002|3|3|1452626411.98|379619|3003002|3|3|1032980336.05|269901
3004001|4|3|1103618140.29|288465|3004001|4|3|2033485332.69|532007
3004002|4|3|1499803394.37|392439|3004002|4|3|1175626261.70|306981
4001001|1|4|1170833434.20|305594|4001001|1|4|2312179921.99|604015
4001002|1|4|1330906944.90|348015|4001002|1|4|958374307.05|251038
4002001|2|4|1231426029.22|322186|4002001|2|4|2336197630.00|611824
4002002|2|4|1483214797.32|387739|4002002|2|4|1179007235.67|308918
4003001|3|4|1302329625.35|339867|4003001|3|4|2460893503.77|643696
4003002|3|4|1467379683.71|383464|4003002|3|4|1129720176.23|295716
4004001|4|4|1108799506.27|289699|4004001|4|4|2059599017.90|538406
4004002|4|4|1383856859.90|361242|4004002|4|4|1094524720.76|286597
5001001|1|5|1057899466.52|276401|5001001|1|5|2106452502.91|550825
5001002|1|5|1422081085.82|372680|5001002|1|5|1180894917.03|308890
5002001|2|5|1145075885.21|299349|5002001|2|5|2164581820.66|565642
5002002|2|5|1399628806.75|365161|5002002|2|5|1116502874.38|291219
5003001|3|5|1207839902.38|316210|5003001|3|5|2401222927.14|627445
5003002|3|5|1476903512.36|386740|5003002|3|5|1223969488.31|320360
5004001|4|5|1256479960.22|327996|5004001|4|5|2571712622.84|673017
5004002|4|5|1568111963.42|409380|5004002|4|5|1279659746.53|334417
6001001|1|6|104471199.81|27237|6001001|1|6|186943792.85|48797
6001002|1|6|97451484.21|25493|6001002|1|6|89299416.50|23449
6001003|1|6|52476317.07|13704|6001003|1|6|90376369.34|23860
6001004|1|6|59829499.95|15629|6001004|1|6|45408824.18|11835
6001005|1|6|80983700.67|21511|6001005|1|6|134539616.25|35095
6001006|1|6|90217143.88|23683|6001006|1|6|81990357.59|21428
6001007|1|6|52375078.06|13745|6001007|1|6|80228630.24|21335
6001008|1|6|112213545.86|29174|6001008|1|6|82204930.27|21489
6002001|2|6|67228270.56|17679|6002001|2|6|133441681.00|34904
6002002|2|6|89205146.84|23312|6002002|2|6|67671077.21|17750
6002003|2|6|44211913.29|11498|6002003|2|6|121578234.40|31690
6002004|2|6|103543371.79|27171|6002004|2|6|66589307.49|17618
6002005|2|6|66742312.16|17415|6002005|2|6|165743991.45|43212
6002006|2|6|88976866.61|23453|6002006|2|6|74349653.47|19461
6002007|2|6|36668793.48|9625|6002007|2|6|96466351.08|25215
6002008|2|6|90064009.47|23515|6002008|2|6|59409346.51|15731
6003001|3|6|51442673.75|13571|6003001|3|6|127087653.42|33387
6003002|3|6|119686628.06|31528|6003002|3|6|96363582.35|25275
6003003|3|6|75472108.70|19597|6003003|3|6|180241797.83|47399
6003004|3|6|89189354.47|23415|6003004|3|6|82049444.09|21598
6003005|3|6|126460854.00|33221|6003005|3|6|217050909.54|56752
6003006|3|6|82681499.28|21611|6003006|3|6|59430085.68|15542
6003007|3|6|104443533.41|27219|6003007|3|6|187021586.12|49311
6003008|3|6|143410815.10|37494|6003008|3|6|125804776.82|32959
6004001|4|6|22689284.14|5894|6004001|4|6|82299518.67|21487
6004002|4|6|60098202.17|15619|6004002|4|6|52525487.00|13679
6004003|4|6|67874714.72|17593|6004003|4|6|104826584.06|27489
6004004|4|6|66858144.94|17518|6004004|4|6|37819372.19|9810
6004005|4|6|29866887.68|7768|6004005|4|6|89565112.38|23369
6004006|4|6|73554606.13|19467|6004006|4|6|52967124.98|13849
6004007|4|6|74233177.83|19309|6004007|4|6|119405365.54|31340
6004008|4|6|67143395.39|17542|6004008|4|6|30456730.64|7925
6005001|5|6|105113682.45|27175|6005001|5|6|188146884.42|49048
6005002|5|6|113123765.32|29562|6005002|5|6|98233589.95|25589
6005003|5|6|37031228.81|9679|6005003|5|6|89901187.37|23438
6005004|5|6|22440078.76|5884|6005004|5|6|15476027.78|4005
6005005|5|6|59190885.12|15660|6005005|5|6|111321599.61|29162
6005006|5|6|96085036.36|25316|6005006|5|6|82892073.00|21582
6005007|5|6|44850927.50|11744|6005007|5|6|97448024.27|25456
6005008|5|6|120956567.80|31500|6005008|5|6|82148183.33|21518
6006001|6|6|82296260.05|21486|6006001|6|6|127412309.50|33032
6006002|6|6|97035019.52|25338|6006002|6|6|66790004.08|17544
6006003|6|6|82998786.48|21714|6006003|6|6|147362179.92|38816
6006004|6|6|82639374.63|21609|6006004|6|6|66844390.92|17441
6006005|6|6|29097845.82|7655|6006005|6|6|97375479.71|25625
6006006|6|6|66328926.95|17325|6006006|6|6|51759086.36|13472
6006007|6|6|66981998.55|17668|6006007|6|6|194259578.13|51242
6006008|6|6|104792864.69|27497|6006008|6|6|97692295.17|25351
6007001|7|6|66621913.57|17491|6007001|7|6|112366726.01|29483
6007002|7|6|105038106.63|27268|6007002|7|6|59378391.10|15814
6007003|7|6|88809647.93|23272|6007003|7|6|212472345.16|55259
6007004|7|6|96510600.57|25374|6007004|7|6|83939363.73|21931
6007005|7|6|74856835.18|19441|6007005|7|6|125482059.62|33106
6007006|7|6|118858094.50|31029|6007006|7|6|98032029.63|25681
6007007|7|6|75071941.52|19422|6007007|7|6|179704023.91|46773
6007008|7|6|67406775.92|17564|6007008|7|6|45433106.84|11899
6008001|8|6|81440642.27|21263|6008001|8|6|165034718.16|43219
6008002|8|6|102122082.95|27064|6008002|8|6|89569252.63|23457
6008003|8|6|111052465.41|29214|6008003|8|6|179097742.97|47102
6008004|8|6|75304523.61|19781|6008004|8|6|52007079.84|13897
