AAAAAAAAAAABAAAA|TN|0|50.0927835051546|81.6574742268041237|224.3733505154639175|40.0759793814432990
AAAAAAAAAAABAAAA||1|50.0927835051546|81.6574742268041237|224.3733505154639175|40.0759793814432990
AAAAAAAAAAACAAAA|TN|0|51.8135593220339|72.5112429378531073|258.2911299435028249|36.6116949152542373
AAAAAAAAAAACAAAA||1|51.8135593220339|72.5112429378531073|258.2911299435028249|36.6116949152542373
AAAAAAAAAAAEAAAA|TN|0|51.9397590361446|79.3678313253012048|175.5116867469879518|41.2613855421686747
AAAAAAAAAAAEAAAA||1|51.9397590361446|79.3678313253012048|175.5116867469879518|41.2613855421686747
AAAAAAAAAAAFAAAA|TN|0|49.0965517241379|73.1851034482758621|202.9404137931034483|37.8940689655172414
AAAAAAAAAAAFAAAA||1|49.0965517241379|73.1851034482758621|202.9404137931034483|37.8940689655172414
AAAAAAAAAAAHAAAA|TN|0|45.8863636363636|74.8335795454545455|241.9239204545454545|34.4296022727272727
AAAAAAAAAAAHAAAA||1|45.8863636363636|74.8335795454545455|241.9239204545454545|34.4296022727272727
AAAAAAAAAAAIAAAA|TN|0|52.0909090909091|75.9656250000000000|237.9473295454545455|36.0892045454545455
AAAAAAAAAAAIAAAA||1|52.0909090909091|75.9656250000000000|237.9473295454545455|36.0892045454545455
AAAAAAAAAABAAAAA|TN|0|56.6705882352941|71.7296470588235294|226.1182352941176471|36.4976470588235294
AAAAAAAAAABAAAAA||1|56.6705882352941|71.7296470588235294|226.1182352941176471|36.4976470588235294
AAAAAAAAAABBAAAA|TN|0|50.8792270531401|75.9933816425120773|122.4329468599033816|39.7246376811594203
AAAAAAAAAABBAAAA||1|50.8792270531401|75.9933816425120773|122.4329468599033816|39.7246376811594203
AAAAAAAAAABDAAAA|TN|0|47.4201183431953|77.7805325443786982|118.0131952662721893|37.7164497041420118
AAAAAAAAAABDAAAA||1|47.4201183431953|77.7805325443786982|118.0131952662721893|37.7164497041420118
AAAAAAAAAABEAAAA|TN|0|52.2447916666667|72.9267708333333333|144.0322916666666667|36.3866666666666667
AAAAAAAAAABEAAAA||1|52.2447916666667|72.9267708333333333|144.0322916666666667|36.3866666666666667
AAAAAAAAAABGAAAA|TN|0|52.9172413793103|71.9619310344827586|233.8061379310344828|36.5386206896551724
AAAAAAAAAABGAAAA||1|52.9172413793103|71.9619310344827586|233.8061379310344828|36.5386206896551724
AAAAAAAAAABHAAAA|TN|0|49.065|76.3993000000000000|176.0371000000000000|40.3532500000000000
AAAAAAAAAABHAAAA||1|49.065|76.3993000000000000|176.0371000000000000|40.3532500000000000
AAAAAAAAAACAAAAA|TN|0|52.1082802547771|73.5340127388535032|220.7995541401273885|34.5036305732484076
AAAAAAAAAACAAAAA||1|52.1082802547771|73.5340127388535032|220.7995541401273885|34.5036305732484076
AAAAAAAAAACCAAAA|TN|0|48.7650273224044|74.2412568306010929|242.4084153005464481|39.9555191256830601
AAAAAAAAAACCAAAA||1|48.7650273224044|74.2412568306010929|242.4084153005464481|39.9555191256830601
AAAAAAAAAACDAAAA|TN|0|54.1183431952663|74.2433136094674556|286.4193491124260355|41.3228994082840237
AAAAAAAAAACDAAAA||1|54.1183431952663|74.2433136094674556|286.4193491124260355|41.3228994082840237
AAAAAAAAAACFAAAA|TN|0|50.0592105263158|75.5340789473684211|115.5768421052631579|35.5980263157894737
AAAAAAAAAACFAAAA||1|50.0592105263158|75.5340789473684211|115.5768421052631579|35.5980263157894737
AAAAAAAAAACGAAAA|TN|0|55.0051546391753|81.2059278350515464|190.6056701030927835|42.7012371134020619
AAAAAAAAAACGAAAA||1|55.0051546391753|81.2059278350515464|190.6056701030927835|42.7012371134020619
AAAAAAAAAACIAAAA|TN|0|52.2650602409639|78.0080722891566265|202.4106024096385542|38.5867469879518072
AAAAAAAAAACIAAAA||1|52.2650602409639|78.0080722891566265|202.4106024096385542|38.5867469879518072
AAAAAAAAAADBAAAA|TN|0|52.0683229813665|75.4739751552795031|230.5967701863354037|38.5423602484472050
AAAAAAAAAADBAAAA||1|52.0683229813665|75.4739751552795031|230.5967701863354037|38.5423602484472050
AAAAAAAAAADCAAAA|TN|0|49.7128205128205|75.4644615384615385|189.5635384615384615|38.6675897435897436
AAAAAAAAAADCAAAA||1|49.7128205128205|75.4644615384615385|189.5635384615384615|38.6675897435897436
AAAAAAAAAADEAAAA|TN|0|55.8488372093023|79.8688372093023256|227.1334883720930233|40.2740697674418605
AAAAAAAAAADEAAAA||1|55.8488372093023|79.8688372093023256|227.1334883720930233|40.2740697674418605
AAAAAAAAAADFAAAA|TN|0|49.0168539325843|73.2041011235955056|192.2127528089887640|37.4346629213483146
AAAAAAAAAADFAAAA||1|49.0168539325843|73.2041011235955056|192.2127528089887640|37.4346629213483146
AAAAAAAAAADHAAAA|TN|0|53.7349397590361|70.9557228915662651|145.4843373493975904|34.1893975903614458
AAAAAAAAAADHAAAA||1|53.7349397590361|70.9557228915662651|145.4843373493975904|34.1893975903614458
AAAAAAAAAADIAAAA|TN|0|49.84|73.5257333333333333|190.5048000000000000|37.3150000000000000
AAAAAAAAAADIAAAA||1|49.84|73.5257333333333333|190.5048000000000000|37.3150000000000000
AAAAAAAAAAEAAAAA|TN|0|52.4705882352941|72.6473529411764706|203.2131862745098039|37.6816666666666667
AAAAAAAAAAEAAAAA||1|52.4705882352941|72.6473529411764706|203.2131862745098039|37.6816666666666667
AAAAAAAAAAEBAAAA|TN|0|50.7976878612717|70.4043352601156069|105.5180924855491329|33.6795953757225434
AAAAAAAAAAEBAAAA||1|50.7976878612717|70.4043352601156069|105.5180924855491329|33.6795953757225434
AAAAAAAAAAEDAAAA|TN|0|46.7621951219512|70.9546341463414634|90.3046951219512195|34.9964634146341463
AAAAAAAAAAEDAAAA||1|46.7621951219512|70.9546341463414634|90.3046951219512195|34.9964634146341463
AAAAAAAAAAEEAAAA|TN|0|51.8070175438597|67.1249122807017544|153.9709941520467836|28.8500584795321637
AAAAAAAAAAEEAAAA||1|51.8070175438597|67.1249122807017544|153.9709941520467836|28.8500584795321637
AAAAAAAAAAEGAAAA|TN|0|50.2994350282486|70.5124293785310734|159.8670621468926554|34.6101129943502825
AAAAAAAAAAEGAAAA||1|50.2994350282486|70.5124293785310734|159.8670621468926554|34.6101129943502825
AAAAAAAAAAEHAAAA|TN|0|48.9047619047619|74.4673015873015873|287.8084126984126984|38.1885714285714286
AAAAAAAAAAEHAAAA||1|48.9047619047619|74.4673015873015873|287.8084126984126984|38.1885714285714286
AAAAAAAAAAFAAAAA|TN|0|49.025641025641|80.2769871794871795|218.8478846153846154|39.2130769230769231
AAAAAAAAAAFAAAAA||1|49.025641025641|80.2769871794871795|218.8478846153846154|39.2130769230769231
AAAAAAAAAAFCAAAA|TN|0|49.4585635359116|82.6343646408839779|180.7898342541436464|42.3585635359116022
AAAAAAAAAAFCAAAA||1|49.4585635359116|82.6343646408839779|180.7898342541436464|42.3585635359116022
AAAAAAAAAAFDAAAA|TN|0|43.3076923076923|82.0469230769230769|157.8083516483516484|42.8831318681318681
AAAAAAAAAAFDAAAA||1|43.3076923076923|82.0469230769230769|157.8083516483516484|42.8831318681318681
AAAAAAAAAAFFAAAA|TN|0|50.3107344632768|81.9085310734463277|280.8268926553672316|41.6416384180790960
AAAAAAAAAAFFAAAA||1|50.3107344632768|81.9085310734463277|280.8268926553672316|41.6416384180790960
AAAAAAAAAAFGAAAA|TN|0|50.9612903225806|74.3401290322580645|99.0596774193548387|42.5651612903225806
AAAAAAAAAAFGAAAA||1|50.9612903225806|74.3401290322580645|99.0596774193548387|42.5651612903225806
AAAAAAAAAAFIAAAA|TN|0|52.5497076023392|84.7440935672514620|163.1794152046783626|40.1503508771929825
AAAAAAAAAAFIAAAA||1|52.5497076023392|84.7440935672514620|163.1794152046783626|40.1503508771929825
AAAAAAAAAAGBAAAA|TN|0|47.1438356164384|75.8461643835616438|232.5445890410958904|33.5131506849315068
AAAAAAAAAAGBAAAA||1|47.1438356164384|75.8461643835616438|232.5445890410958904|33.5131506849315068
AAAAAAAAAAGCAAAA|TN|0|46.1775147928994|78.2256804733727811|264.7271005917159763|35.0772781065088757
AAAAAAAAAAGCAAAA||1|46.1775147928994|78.2256804733727811|264.7271005917159763|35.0772781065088757
AAAAAAAAAAGEAAAA|TN|0|51.9354838709677|68.6474193548387097|233.3931182795698925|34.6669892473118280
AAAAAAAAAAGEAAAA||1|51.9354838709677|68.6474193548387097|233.3931182795698925|34.6669892473118280
AAAAAAAAAAGFAAAA|TN|0|54.52|78.3727000000000000|203.2379000000000000|39.2397500000000000
AAAAAAAAAAGFAAAA||1|54.52|78.3727000000000000|203.2379000000000000|39.2397500000000000
AAAAAAAAAAGHAAAA|TN|0|48.1195652173913|75.5198369565217391|167.7854891304347826|37.9031521739130435
AAAAAAAAAAGHAAAA||1|48.1195652173913|75.5198369565217391|167.7854891304347826|37.9031521739130435
AAAAAAAAAAGIAAAA|TN|0|51.2011834319527|74.9045562130177515|165.5946153846153846|35.1802366863905325
AAAAAAAAAAGIAAAA||1|51.2011834319527|74.9045562130177515|165.5946153846153846|35.1802366863905325
AAAAAAAAAAHAAAAA|TN|0|52.2699386503067|72.9761349693251534|229.1353374233128834|39.6538650306748466
AAAAAAAAAAHAAAAA||1|52.2699386503067|72.9761349693251534|229.1353374233128834|39.6538650306748466
AAAAAAAAAAHBAAAA|TN|0|51.0573248407643|83.0284076433121019|242.4450955414012739|42.6187898089171975
AAAAAAAAAAHBAAAA||1|51.0573248407643|83.0284076433121019|242.4450955414012739|42.6187898089171975
AAAAAAAAAAHDAAAA|TN|0|51.109756097561|73.2118902439024390|202.1328048780487805|36.3853048780487805
AAAAAAAAAAHDAAAA||1|51.109756097561|73.2118902439024390|202.1328048780487805|36.3853048780487805
AAAAAAAAAAHEAAAA|TN|0|48.3372781065089|75.1827810650887574|285.9937869822485207|36.2242011834319527
AAAAAAAAAAHEAAAA||1|48.3372781065089|75.1827810650887574|285.9937869822485207|36.2242011834319527
AAAAAAAAAAHGAAAA|TN|0|47.9827586206897|76.4851724137931034|160.0001724137931034|39.2552298850574713
AAAAAAAAAAHGAAAA||1|47.9827586206897|76.4851724137931034|160.0001724137931034|39.2552298850574713
AAAAAAAAAAHHAAAA|TN|0|51.8132530120482|82.3952409638554217|198.9396385542168675|39.3371084337349398
AAAAAAAAAAHHAAAA||1|51.8132530120482|82.3952409638554217|198.9396385542168675|39.3371084337349398
AAAAAAAAAAIAAAAA|TN|0|48.6342857142857|72.2447428571428571|130.0321142857142857|35.3154285714285714
AAAAAAAAAAIAAAAA||1|48.6342857142857|72.2447428571428571|130.0321142857142857|35.3154285714285714
AAAAAAAAAAICAAAA|TN|0|51.9221556886228|76.4205389221556886|195.2176646706586826|36.9457485029940120
AAAAAAAAAAICAAAA||1|51.9221556886228|76.4205389221556886|195.2176646706586826|36.9457485029940120
