255155|1|12757750
259535|1|12976750
260452|1|13022600
262680|1|13134000
269618|1|13480900
275118|1|13755900
280642|1|14032100
282612|1|14130600
285812|1|14290600
288465|1|14423250
288743|1|14437150
289164|1|14458200
294315|1|14715750
295059|1|14752950
295229|1|14761450
295781|1|14789050
296004|1|14800200
296421|1|14821050
298121|1|14906050
298816|1|14940800
299360|1|14968000
299551|1|14977550
299623|1|14981150
299876|1|14993800
301356|1|15067800
301531|1|15076550
302005|1|15100250
302116|1|15105800
302452|1|15122600
303830|1|15191500
304130|1|15206500
307295|1|15364750
307655|1|15382750
307936|1|15396800
309033|1|15451650
309039|1|15451950
309564|1|15478200
310482|1|15524100
311793|1|15589650
312111|1|15605550
312194|1|15609700
312348|1|15617400
312635|1|15631750
313434|1|15671700
313583|1|15679150
315231|1|15761550
316324|1|15816200
316422|1|15821100
317133|1|15856650
317429|1|15871450
318800|1|15940000
318866|1|15943300
318878|1|15943900
318967|1|15948350
319179|1|15958950
319216|1|15960800
319629|1|15981450
320256|1|16012800
320898|1|16044900
321084|1|16054200
321194|1|16059700
321399|1|16069950
321826|1|16091300
322128|1|16106400
322667|1|16133350
323132|1|16156600
323275|1|16163750
323827|1|16191350
325034|1|16251700
325898|1|16294900
326224|1|16311200
327051|1|16352550
327119|1|16355950
327951|1|16397550
328068|1|16403400
328435|1|16421750
328772|1|16438600
329023|1|16451150
329483|1|16474150
329494|1|16474700
329683|1|16484150
329719|1|16485950
330152|1|16507600
330267|1|16513350
330543|1|16527150
330551|1|16527550
330624|1|16531200
330834|1|16541700
331223|1|16561150
331681|1|16584050
331733|1|16586650
331820|1|16591000
331973|1|16598650
332151|1|16607550
332389|1|16619450
332395|1|16619750
332498|1|16624900
332815|1|16640750
332838|1|16641900
332935|1|16646750
