catalog|26423|0.44329896907216494845|1|1
catalog|32923|0.44791666666666666667|2|2
catalog|105|0.45454545454545454545|3|3
catalog|29275|0.48387096774193548387|4|4
catalog|17469|0.48958333333333333333|5|5
catalog|17689|0.49484536082474226804|6|6
catalog|6359|0.50000000000000000000|7|7
catalog|16589|0.50000000000000000000|7|7
catalog|27951|0.50000000000000000000|7|7
catalog|34485|0.50000000000000000000|7|7
catalog|20227|0.50000000000000000000|7|7
catalog|7663|0.50000000000000000000|7|7
catalog|3129|0.50000000000000000000|7|7
catalog|32291|0.50000000000000000000|7|7
store|20261|0.53061224489795918367|1|1
store|7753|0.56000000000000000000|2|2
store|12931|0.58163265306122448980|3|3
store|13603|0.58333333333333333333|4|4
store|2279|0.58333333333333333333|4|791
store|35021|0.58510638297872340426|6|262
store|16103|0.58947368421052631579|7|60
store|29669|0.59090909090909090909|8|5
store|22631|0.59139784946236559140|9|6
store|17919|0.59375000000000000000|10|7
store|24265|0.59793814432989690722|11|8
store|25981|0.61224489795918367347|14|9
store|25139|0.61224489795918367347|14|9
web|17293|0.40625000000000000000|1|13
web|16715|0.41304347826086956522|2|1
web|621|0.41573033707865168539|3|2
web|22177|0.43157894736842105263|4|3
web|11445|0.43157894736842105263|4|3
web|27491|0.43877551020408163265|6|5
web|4127|0.44000000000000000000|7|6
web|14291|0.44791666666666666667|8|7
web|35055|0.45000000000000000000|9|8
web|19243|0.45161290322580645161|10|9
web|12465|0.45744680851063829787|11|10
