able|AAAAAAAAACAAAAAA|5271|0.98063543241015143608|0.95097133038153962293|1.00000000000000000000|0.21885366674262215088|0.97855431879834071692|1.0295785173760567|0.99871037582737693216
able|AAAAAAAAACAAAAAA|5271|0.98063543241015143608|0.95097133038153962293|1.00000000000000000000|0.21885366674262215088|0.97855431879834071692|1.0295785173760567|0.99871037582737693216
able|AAAAAAAAACAAAAAA|5271|0.98063543241015143608|0.95097133038153962293|1.00000000000000000000|0.21885366674262215088|0.97855431879834071692|1.0295785173760567|0.99871037582737693216
able|AAAAAAAAACAAAAAA|5271|0.98063543241015143608|0.95097133038153962293|1.00000000000000000000|0.21885366674262215088|0.97855431879834071692|1.0295785173760567|0.99871037582737693216
able|AAAAAAAAACAAAAAA|5271|0.98063543241015143608|0.95097133038153962293|1.00000000000000000000|0.21885366674262215088|0.97855431879834071692|1.0295785173760567|0.99871037582737693216
able|AAAAAAAAACAAAAAA|5271|0.98063543241015143608|0.95097133038153962293|1.00000000000000000000|0.21885366674262215088|0.97855431879834071692|1.0295785173760567|0.99871037582737693216
able|AAAAAAAAACAAAAAA|5271|0.98063543241015143608|0.95097133038153962293|1.00000000000000000000|0.21885366674262215088|0.97855431879834071692|1.0295785173760567|0.99871037582737693216
able|AAAAAAAAACAAAAAA|5271|0.98063543241015143608|0.95097133038153962293|1.00000000000000000000|0.21885366674262215088|0.97855431879834071692|1.0295785173760567|0.99871037582737693216
able|AAAAAAAAACAAAAAA|5271|0.98063543241015143608|0.95097133038153962293|1.00000000000000000000|0.21885366674262215088|0.97855431879834071692|1.0295785173760567|0.99871037582737693216
able|AAAAAAAAACAAAAAA|5271|0.98063543241015143608|0.95097133038153962293|1.00000000000000000000|0.21885366674262215088|0.97855431879834071692|1.0295785173760567|0.99871037582737693216
able|AAAAAAAAACAAAAAA|5271|0.98063543241015143608|0.95097133038153962293|1.00000000000000000000|0.21885366674262215088|0.97855431879834071692|1.0295785173760567|0.99871037582737693216
able|AAAAAAAAACAAAAAA|5271|0.98063543241015143608|0.95097133038153962293|1.00000000000000000000|0.21885366674262215088|0.97855431879834071692|1.0295785173760567|0.99871037582737693216
able|AAAAAAAAACAAAAAA|5271|0.98063543241015143608|0.95097133038153962293|1.00000000000000000000|0.21885366674262215088|0.97855431879834071692|1.0295785173760567|0.99871037582737693216
able|AAAAAAAAACAAAAAA|5271|0.98063543241015143608|0.95097133038153962293|1.00000000000000000000|0.21885366674262215088|0.97855431879834071692|1.0295785173760567|0.99871037582737693216
able|AAAAAAAAACAAAAAA|5271|0.98063543241015143608|0.95097133038153962293|1.00000000000000000000|0.21885366674262215088|0.97855431879834071692|1.0295785173760567|0.99871037582737693216
able|AAAAAAAAACAAAAAA|5271|0.98063543241015143608|0.95097133038153962293|1.00000000000000000000|0.21885366674262215088|0.97855431879834071692|1.0295785173760567|0.99871037582737693216
able|AAAAAAAAACAAAAAA|5271|0.98063543241015143608|0.95097133038153962293|1.00000000000000000000|0.21885366674262215088|0.97855431879834071692|1.0295785173760567|0.99871037582737693216
able|AAAAAAAAACAAAAAA|5271|0.98063543241015143608|0.95097133038153962293|1.00000000000000000000|0.21885366674262215088|0.97855431879834071692|1.0295785173760567|0.99871037582737693216
able|AAAAAAAAACAAAAAA|5271|0.98063543241015143608|0.95097133038153962293|1.00000000000000000000|0.21885366674262215088|0.97855431879834071692|1.0295785173760567|0.99871037582737693216
able|AAAAAAAAACAAAAAA|5271|0.98063543241015143608|0.95097133038153962293|1.00000000000000000000|0.21885366674262215088|0.97855431879834071692|1.0295785173760567|0.99871037582737693216
able|AAAAAAAAACAAAAAA|5271|0.98063543241015143608|0.95097133038153962293|1.00000000000000000000|0.21885366674262215088|0.97855431879834071692|1.0295785173760567|0.99871037582737693216
able|AAAAAAAAACAAAAAA|5271|0.98063543241015143608|0.95097133038153962293|1.00000000000000000000|0.21885366674262215088|0.97855431879834071692|1.0295785173760567|0.99871037582737693216
able|AAAAAAAAACAAAAAA|5271|0.98063543241015143608|0.95097133038153962293|1.00000000000000000000|0.21885366674262215088|0.97855431879834071692|1.0295785173760567|0.99871037582737693216
able|AAAAAAAAACAAAAAA|5271|0.98063543241015143608|0.95097133038153962293|1.00000000000000000000|0.21885366674262215088|0.97855431879834071692|1.0295785173760567|0.99871037582737693216
able|AAAAAAAAACAAAAAA|5271|0.98063543241015143608|0.95097133038153962293|1.00000000000000000000|0.21885366674262215088|0.97855431879834071692|1.0295785173760567|0.99871037582737693216
able|AAAAAAAAACAAAAAA|5271|0.98063543241015143608|0.95097133038153962293|1.00000000000000000000|0.21885366674262215088|0.97855431879834071692|1.0295785173760567|0.99871037582737693216
able|AAAAAAAAACAAAAAA|5271|0.98063543241015143608|0.95097133038153962293|1.00000000000000000000|0.21885366674262215088|0.97855431879834071692|1.0295785173760567|0.99871037582737693216
able|AAAAAAAAACAAAAAA|5271|0.98063543241015143608|0.95097133038153962293|1.00000000000000000000|0.21885366674262215088|0.97855431879834071692|1.0295785173760567|0.99871037582737693216
able|AAAAAAAAACAAAAAA|5271|0.98063543241015143608|0.95097133038153962293|1.00000000000000000000|0.21885366674262215088|0.97855431879834071692|1.0295785173760567|0.99871037582737693216
able|AAAAAAAAACAAAAAA|5271|0.98063543241015143608|0.95097133038153962293|1.00000000000000000000|0.21885366674262215088|0.97855431879834071692|1.0295785173760567|0.99871037582737693216
able|AAAAAAAAACAAAAAA|5271|0.98063543241015143608|0.95097133038153962293|1.00000000000000000000|0.21885366674262215088|0.97855431879834071692|1.0295785173760567|0.99871037582737693216
able|AAAAAAAAACAAAAAA|5271|0.98063543241015143608|0.95097133038153962293|1.00000000000000000000|0.21885366674262215088|0.97855431879834071692|1.0295785173760567|0.99871037582737693216
able|AAAAAAAAACAAAAAA|5271|0.98063543241015143608|0.95097133038153962293|1.00000000000000000000|0.21885366674262215088|0.97855431879834071692|1.0295785173760567|0.99871037582737693216
able|AAAAAAAAACAAAAAA|5271|0.98063543241015143608|0.95097133038153962293|1.00000000000000000000|0.21885366674262215088|0.97855431879834071692|1.0295785173760567|0.99871037582737693216
able|AAAAAAAAACAAAAAA|5271|0.98063543241015143608|0.95097133038153962293|1.00000000000000000000|0.21885366674262215088|0.97855431879834071692|1.0295785173760567|0.99871037582737693216
able|AAAAAAAAACAAAAAA|5271|0.98063543241015143608|0.95097133038153962293|1.00000000000000000000|0.21885366674262215088|0.97855431879834071692|1.0295785173760567|0.99871037582737693216
able|AAAAAAAAACAAAAAA|5271|0.98063543241015143608|0.95097133038153962293|1.00000000000000000000|0.21885366674262215088|0.97855431879834071692|1.0295785173760567|0.99871037582737693216
able|AAAAAAAAACAAAAAA|5271|0.98063543241015143608|0.95097133038153962293|1.00000000000000000000|0.21885366674262215088|0.97855431879834071692|1.0295785173760567|0.99871037582737693216
able|AAAAAAAAACAAAAAA|5271|0.98063543241015143608|0.95097133038153962293|1.00000000000000000000|0.21885366674262215088|0.97855431879834071692|1.0295785173760567|0.99871037582737693216
able|AAAAAAAAACAAAAAA|5271|0.98063543241015143608|0.95097133038153962293|1.00000000000000000000|0.21885366674262215088|0.97855431879834071692|1.0295785173760567|0.99871037582737693216
able|AAAAAAAAACAAAAAA|5271|0.98063543241015143608|0.95097133038153962293|1.00000000000000000000|0.21885366674262215088|0.97855431879834071692|1.0295785173760567|0.99871037582737693216
able|AAAAAAAAACAAAAAA|5271|0.98063543241015143608|0.95097133038153962293|1.00000000000000000000|0.21885366674262215088|0.97855431879834071692|1.0295785173760567|0.99871037582737693216
able|AAAAAAAAACAAAAAA|5271|0.98063543241015143608|0.95097133038153962293|1.00000000000000000000|0.21885366674262215088|0.97855431879834071692|1.0295785173760567|0.99871037582737693216
able|AAAAAAAAACAAAAAA|5271|0.98063543241015143608|0.95097133038153962293|1.00000000000000000000|0.21885366674262215088|0.97855431879834071692|1.0295785173760567|0.99871037582737693216
able|AAAAAAAAACAAAAAA|5271|0.98063543241015143608|0.95097133038153962293|1.00000000000000000000|0.21885366674262215088|0.97855431879834071692|1.0295785173760567|0.99871037582737693216
able|AAAAAAAAACAAAAAA|5271|0.98063543241015143608|0.95097133038153962293|1.00000000000000000000|0.21885366674262215088|0.97855431879834071692|1.0295785173760567|0.99871037582737693216
able|AAAAAAAAACAAAAAA|5271|0.98063543241015143608|0.95097133038153962293|1.00000000000000000000|0.21885366674262215088|0.97855431879834071692|1.0295785173760567|0.99871037582737693216
able|AAAAAAAAACAAAAAA|5271|0.98063543241015143608|0.95097133038153962293|1.00000000000000000000|0.21885366674262215088|0.97855431879834071692|1.0295785173760567|0.99871037582737693216
able|AAAAAAAAACAAAAAA|5271|0.98063543241015143608|0.95097133038153962293|1.00000000000000000000|0.21885366674262215088|0.97855431879834071692|1.0295785173760567|0.99871037582737693216
able|AAAAAAAAACAAAAAA|5272|0.94806319972601457635|0.98933664685736878366|1.00000000000000000000|1.0436613004165775|0.99665020732158183167|1.0104007232427925|1.0153175307351896
able|AAAAAAAAACAAAAAA|5272|0.94806319972601457635|0.98933664685736878366|1.00000000000000000000|1.0436613004165775|0.99665020732158183167|1.0104007232427925|1.0153175307351896
able|AAAAAAAAACAAAAAA|5272|0.94806319972601457635|0.98933664685736878366|1.00000000000000000000|1.0436613004165775|0.99665020732158183167|1.0104007232427925|1.0153175307351896
able|AAAAAAAAACAAAAAA|5272|0.94806319972601457635|0.98933664685736878366|1.00000000000000000000|1.0436613004165775|0.99665020732158183167|1.0104007232427925|1.0153175307351896
able|AAAAAAAAACAAAAAA|5272|0.94806319972601457635|0.98933664685736878366|1.00000000000000000000|1.0436613004165775|0.99665020732158183167|1.0104007232427925|1.0153175307351896
able|AAAAAAAAACAAAAAA|5272|0.94806319972601457635|0.98933664685736878366|1.00000000000000000000|1.0436613004165775|0.99665020732158183167|1.0104007232427925|1.0153175307351896
able|AAAAAAAAACAAAAAA|5272|0.94806319972601457635|0.98933664685736878366|1.00000000000000000000|1.0436613004165775|0.99665020732158183167|1.0104007232427925|1.0153175307351896
able|AAAAAAAAACAAAAAA|5272|0.94806319972601457635|0.98933664685736878366|1.00000000000000000000|1.0436613004165775|0.99665020732158183167|1.0104007232427925|1.0153175307351896
able|AAAAAAAAACAAAAAA|5272|0.94806319972601457635|0.98933664685736878366|1.00000000000000000000|1.0436613004165775|0.99665020732158183167|1.0104007232427925|1.0153175307351896
able|AAAAAAAAACAAAAAA|5272|0.94806319972601457635|0.98933664685736878366|1.00000000000000000000|1.0436613004165775|0.99665020732158183167|1.0104007232427925|1.0153175307351896
able|AAAAAAAAACAAAAAA|5272|0.94806319972601457635|0.98933664685736878366|1.00000000000000000000|1.0436613004165775|0.99665020732158183167|1.0104007232427925|1.0153175307351896
able|AAAAAAAAACAAAAAA|5272|0.94806319972601457635|0.98933664685736878366|1.00000000000000000000|1.0436613004165775|0.99665020732158183167|1.0104007232427925|1.0153175307351896
able|AAAAAAAAACAAAAAA|5272|0.94806319972601457635|0.98933664685736878366|1.00000000000000000000|1.0436613004165775|0.99665020732158183167|1.0104007232427925|1.0153175307351896
able|AAAAAAAAACAAAAAA|5272|0.94806319972601457635|0.98933664685736878366|1.00000000000000000000|1.0436613004165775|0.99665020732158183167|1.0104007232427925|1.0153175307351896
able|AAAAAAAAACAAAAAA|5272|0.94806319972601457635|0.98933664685736878366|1.00000000000000000000|1.0436613004165775|0.99665020732158183167|1.0104007232427925|1.0153175307351896
able|AAAAAAAAACAAAAAA|5272|0.94806319972601457635|0.98933664685736878366|1.00000000000000000000|1.0436613004165775|0.99665020732158183167|1.0104007232427925|1.0153175307351896
able|AAAAAAAAACAAAAAA|5272|0.94806319972601457635|0.98933664685736878366|1.00000000000000000000|1.0436613004165775|0.99665020732158183167|1.0104007232427925|1.0153175307351896
able|AAAAAAAAACAAAAAA|5272|0.94806319972601457635|0.98933664685736878366|1.00000000000000000000|1.0436613004165775|0.99665020732158183167|1.0104007232427925|1.0153175307351896
able|AAAAAAAAACAAAAAA|5272|0.94806319972601457635|0.98933664685736878366|1.00000000000000000000|1.0436613004165775|0.99665020732158183167|1.0104007232427925|1.0153175307351896
able|AAAAAAAAACAAAAAA|5272|0.94806319972601457635|0.98933664685736878366|1.00000000000000000000|1.0436613004165775|0.99665020732158183167|1.0104007232427925|1.0153175307351896
able|AAAAAAAAACAAAAAA|5272|0.94806319972601457635|0.98933664685736878366|1.00000000000000000000|1.0436613004165775|0.99665020732158183167|1.0104007232427925|1.0153175307351896
able|AAAAAAAAACAAAAAA|5272|0.94806319972601457635|0.98933664685736878366|1.00000000000000000000|1.0436613004165775|0.99665020732158183167|1.0104007232427925|1.0153175307351896
able|AAAAAAAAACAAAAAA|5272|0.94806319972601457635|0.98933664685736878366|1.00000000000000000000|1.0436613004165775|0.99665020732158183167|1.0104007232427925|1.0153175307351896
able|AAAAAAAAACAAAAAA|5272|0.94806319972601457635|0.98933664685736878366|1.00000000000000000000|1.0436613004165775|0.99665020732158183167|1.0104007232427925|1.0153175307351896
able|AAAAAAAAACAAAAAA|5272|0.94806319972601457635|0.98933664685736878366|1.00000000000000000000|1.0436613004165775|0.99665020732158183167|1.0104007232427925|1.0153175307351896
able|AAAAAAAAACAAAAAA|5272|0.94806319972601457635|0.98933664685736878366|1.00000000000000000000|1.0436613004165775|0.99665020732158183167|1.0104007232427925|1.0153175307351896
able|AAAAAAAAACAAAAAA|5272|0.94806319972601457635|0.98933664685736878366|1.00000000000000000000|1.0436613004165775|0.99665020732158183167|1.0104007232427925|1.0153175307351896
able|AAAAAAAAACAAAAAA|5272|0.94806319972601457635|0.98933664685736878366|1.00000000000000000000|1.0436613004165775|0.99665020732158183167|1.0104007232427925|1.0153175307351896
able|AAAAAAAAACAAAAAA|5272|0.94806319972601457635|0.98933664685736878366|1.00000000000000000000|1.0436613004165775|0.99665020732158183167|1.0104007232427925|1.0153175307351896
able|AAAAAAAAACAAAAAA|5272|0.94806319972601457635|0.98933664685736878366|1.00000000000000000000|1.0436613004165775|0.99665020732158183167|1.0104007232427925|1.0153175307351896
able|AAAAAAAAACAAAAAA|5272|0.94806319972601457635|0.98933664685736878366|1.00000000000000000000|1.0436613004165775|0.99665020732158183167|1.0104007232427925|1.0153175307351896
able|AAAAAAAAACAAAAAA|5272|0.94806319972601457635|0.98933664685736878366|1.00000000000000000000|1.0436613004165775|0.99665020732158183167|1.0104007232427925|1.0153175307351896
able|AAAAAAAAACAAAAAA|5272|0.94806319972601457635|0.98933664685736878366|1.00000000000000000000|1.0436613004165775|0.99665020732158183167|1.0104007232427925|1.0153175307351896
able|AAAAAAAAACAAAAAA|5272|0.94806319972601457635|0.98933664685736878366|1.00000000000000000000|1.0436613004165775|0.99665020732158183167|1.0104007232427925|1.0153175307351896
able|AAAAAAAAACAAAAAA|5272|0.94806319972601457635|0.98933664685736878366|1.00000000000000000000|1.0436613004165775|0.99665020732158183167|1.0104007232427925|1.0153175307351896
able|AAAAAAAAACAAAAAA|5272|0.94806319972601457635|0.98933664685736878366|1.00000000000000000000|1.0436613004165775|0.99665020732158183167|1.0104007232427925|1.0153175307351896
able|AAAAAAAAACAAAAAA|5272|0.94806319972601457635|0.98933664685736878366|1.00000000000000000000|1.0436613004165775|0.99665020732158183167|1.0104007232427925|1.0153175307351896
able|AAAAAAAAACAAAAAA|5272|0.94806319972601457635|0.98933664685736878366|1.00000000000000000000|1.0436613004165775|0.99665020732158183167|1.0104007232427925|1.0153175307351896
able|AAAAAAAAACAAAAAA|5272|0.94806319972601457635|0.98933664685736878366|1.00000000000000000000|1.0436613004165775|0.99665020732158183167|1.0104007232427925|1.0153175307351896
able|AAAAAAAAACAAAAAA|5272|0.94806319972601457635|0.98933664685736878366|1.00000000000000000000|1.0436613004165775|0.99665020732158183167|1.0104007232427925|1.0153175307351896
able|AAAAAAAAACAAAAAA|5272|0.94806319972601457635|0.98933664685736878366|1.00000000000000000000|1.0436613004165775|0.99665020732158183167|1.0104007232427925|1.0153175307351896
able|AAAAAAAAACAAAAAA|5272|0.94806319972601457635|0.98933664685736878366|1.00000000000000000000|1.0436613004165775|0.99665020732158183167|1.0104007232427925|1.0153175307351896
able|AAAAAAAAACAAAAAA|5272|0.94806319972601457635|0.98933664685736878366|1.00000000000000000000|1.0436613004165775|0.99665020732158183167|1.0104007232427925|1.0153175307351896
able|AAAAAAAAACAAAAAA|5272|0.94806319972601457635|0.98933664685736878366|1.00000000000000000000|1.0436613004165775|0.99665020732158183167|1.0104007232427925|1.0153175307351896
able|AAAAAAAAACAAAAAA|5272|0.94806319972601457635|0.98933664685736878366|1.00000000000000000000|1.0436613004165775|0.99665020732158183167|1.0104007232427925|1.0153175307351896
able|AAAAAAAAACAAAAAA|5272|0.94806319972601457635|0.98933664685736878366|1.00000000000000000000|1.0436613004165775|0.99665020732158183167|1.0104007232427925|1.0153175307351896
able|AAAAAAAAACAAAAAA|5272|0.94806319972601457635|0.98933664685736878366|1.00000000000000000000|1.0436613004165775|0.99665020732158183167|1.0104007232427925|1.0153175307351896
able|AAAAAAAAACAAAAAA|5272|0.94806319972601457635|0.98933664685736878366|1.00000000000000000000|1.0436613004165775|0.99665020732158183167|1.0104007232427925|1.0153175307351896
able|AAAAAAAAACAAAAAA|5272|0.94806319972601457635|0.98933664685736878366|1.00000000000000000000|1.0436613004165775|0.99665020732158183167|1.0104007232427925|1.0153175307351896
able|AAAAAAAAACAAAAAA|5273|0.99673726424304943742|1.0151112235572763|1.00000000000000000000|1.0539027790158530|1.0270881694624152|0.97852255431601749812|1.0355268168860783
able|AAAAAAAAACAAAAAA|5273|0.99673726424304943742|1.0151112235572763|1.00000000000000000000|1.0539027790158530|1.0270881694624152|0.97852255431601749812|1.0355268168860783
