2000|7|Home                                              |697906098.22
2000|1|Women                                             |601182999.89
2000|10|Electronics                                       |583420567.50
2000|2|Men                                               |570419179.65
2000|3|Children                                          |554926471.09
2000|6|Jewelry                                           |522711318.99
2000|4|Shoes                                             |490903431.71
2000|9|Books                                             |412834910.65
2000|5|Music                                             |379685195.71
2000|8|Sports                                            |316478485.52
