AAAAAAAAAAABAAAA|6762|0.00000000000000000000|3318|0.00000000000000000000|1575|0.00000000000000000000|3885.0000000000000000
AAAAAAAAAAACAAAA|6372|0.00000000000000000000|2186|0.00000000000000000000|1038|0.00000000000000000000|3198.6666666666666667
AAAAAAAAAAAEAAAA|6700|0.00000000000000000000|2975|0.00000000000000000000|1693|0.00000000000000000000|3789.3333333333333333
AAAAAAAAAAAFAAAA|5664|0.00000000000000000000|2986|0.00000000000000000000|1714|0.00000000000000000000|3454.6666666666666667
AAAAAAAAAAAHAAAA|5049|0.00000000000000000000|2834|0.00000000000000000000|1890|0.00000000000000000000|3257.6666666666666667
AAAAAAAAAAAIAAAA|5414|0.00000000000000000000|2729|0.00000000000000000000|1164|0.00000000000000000000|3102.3333333333333333
AAAAAAAAAABAAAAA|6920|0.00000000000000000000|2832|0.00000000000000000000|1927|0.00000000000000000000|3893.0000000000000000
AAAAAAAAAABBAAAA|6254|0.00000000000000000000|3983|0.00000000000000000000|1785|0.00000000000000000000|4007.3333333333333333
AAAAAAAAAABDAAAA|5710|0.00000000000000000000|2848|0.00000000000000000000|1747|0.00000000000000000000|3435.0000000000000000
AAAAAAAAAABEAAAA|6754|0.00000000000000000000|3211|0.00000000000000000000|1357|0.00000000000000000000|3774.0000000000000000
AAAAAAAAAABGAAAA|5203|0.00000000000000000000|2670|0.00000000000000000000|1694|0.00000000000000000000|3189.0000000000000000
AAAAAAAAAABHAAAA|5849|0.00000000000000000000|3551|0.00000000000000000000|2091|0.00000000000000000000|3830.3333333333333333
AAAAAAAAAACAAAAA|5994|0.00000000000000000000|2702|0.00000000000000000000|1871|0.00000000000000000000|3522.3333333333333333
AAAAAAAAAACCAAAA|7218|0.00000000000000000000|3593|0.00000000000000000000|1410|0.00000000000000000000|4073.6666666666666667
AAAAAAAAAACDAAAA|5209|0.00000000000000000000|3293|0.00000000000000000000|1962|0.00000000000000000000|3488.0000000000000000
AAAAAAAAAACFAAAA|6173|0.00000000000000000000|3398|0.00000000000000000000|1884|0.00000000000000000000|3818.3333333333333333
AAAAAAAAAACGAAAA|7119|0.00000000000000000000|2746|0.00000000000000000000|1870|0.00000000000000000000|3911.6666666666666667
AAAAAAAAAACIAAAA|5790|0.00000000000000000000|3422|0.00000000000000000000|1826|0.00000000000000000000|3679.3333333333333333
AAAAAAAAAADBAAAA|6790|0.00000000000000000000|3481|0.00000000000000000000|2308|0.00000000000000000000|4193.0000000000000000
AAAAAAAAAADCAAAA|6052|0.00000000000000000000|3407|0.00000000000000000000|1610|0.00000000000000000000|3689.6666666666666667
AAAAAAAAAADEAAAA|6442|0.00000000000000000000|3582|0.00000000000000000000|1515|0.00000000000000000000|3846.3333333333333333
AAAAAAAAAADFAAAA|6427|0.00000000000000000000|2870|0.00000000000000000000|1885|0.00000000000000000000|3727.3333333333333333
AAAAAAAAAADHAAAA|7097|0.00000000000000000000|3579|0.00000000000000000000|1780|0.00000000000000000000|4152.0000000000000000
AAAAAAAAAADIAAAA|6400|0.00000000000000000000|2443|0.00000000000000000000|1728|0.00000000000000000000|3523.6666666666666667
AAAAAAAAAAEAAAAA|5566|0.00000000000000000000|3158|0.00000000000000000000|1578|0.00000000000000000000|3434.0000000000000000
AAAAAAAAAAEBAAAA|5672|0.00000000000000000000|3569|0.00000000000000000000|1984|0.00000000000000000000|3741.6666666666666667
AAAAAAAAAAEDAAAA|6765|0.00000000000000000000|3317|0.00000000000000000000|1694|0.00000000000000000000|3925.3333333333333333
AAAAAAAAAAEEAAAA|6327|0.00000000000000000000|2744|0.00000000000000000000|1350|0.00000000000000000000|3473.6666666666666667
AAAAAAAAAAEGAAAA|7808|0.00000000000000000000|2707|0.00000000000000000000|1810|0.00000000000000000000|4108.3333333333333333
AAAAAAAAAAEHAAAA|6094|0.00000000000000000000|3695|0.00000000000000000000|1667|0.00000000000000000000|3818.6666666666666667
AAAAAAAAAAFAAAAA|6504|0.00000000000000000000|3219|0.00000000000000000000|1705|0.00000000000000000000|3809.3333333333333333
AAAAAAAAAAFCAAAA|5880|0.00000000000000000000|3414|0.00000000000000000000|1470|0.00000000000000000000|3588.0000000000000000
AAAAAAAAAAFDAAAA|6276|0.00000000000000000000|2678|0.00000000000000000000|1781|0.00000000000000000000|3578.3333333333333333
AAAAAAAAAAFFAAAA|6004|0.00000000000000000000|2961|0.00000000000000000000|1286|0.00000000000000000000|3417.0000000000000000
AAAAAAAAAAFGAAAA|6205|0.00000000000000000000|3123|0.00000000000000000000|1336|0.00000000000000000000|3554.6666666666666667
AAAAAAAAAAFIAAAA|6149|0.00000000000000000000|2828|0.00000000000000000000|1381|0.00000000000000000000|3452.6666666666666667
AAAAAAAAAAGBAAAA|6563|0.00000000000000000000|3300|0.00000000000000000000|1856|0.00000000000000000000|3906.3333333333333333
AAAAAAAAAAGCAAAA|6007|0.00000000000000000000|3413|0.00000000000000000000|1446|0.00000000000000000000|3622.0000000000000000
AAAAAAAAAAGEAAAA|4961|0.00000000000000000000|2712|0.00000000000000000000|2023|0.00000000000000000000|3232.0000000000000000
AAAAAAAAAAGFAAAA|5184|0.00000000000000000000|2960|0.00000000000000000000|1919|0.00000000000000000000|3354.3333333333333333
AAAAAAAAAAGHAAAA|5255|0.00000000000000000000|3626|0.00000000000000000000|1944|0.00000000000000000000|3608.3333333333333333
AAAAAAAAAAGIAAAA|5935|0.00000000000000000000|3619|0.00000000000000000000|1765|0.00000000000000000000|3773.0000000000000000
AAAAAAAAAAHAAAAA|6334|0.00000000000000000000|2904|0.00000000000000000000|2016|0.00000000000000000000|3751.3333333333333333
AAAAAAAAAAHBAAAA|5661|0.00000000000000000000|3299|0.00000000000000000000|1845|0.00000000000000000000|3601.6666666666666667
AAAAAAAAAAHDAAAA|5739|0.00000000000000000000|3362|0.00000000000000000000|1523|0.00000000000000000000|3541.3333333333333333
AAAAAAAAAAHEAAAA|6924|0.00000000000000000000|3489|0.00000000000000000000|1894|0.00000000000000000000|4102.3333333333333333
AAAAAAAAAAHGAAAA|5507|0.00000000000000000000|3481|0.00000000000000000000|1517|0.00000000000000000000|3501.6666666666666667
AAAAAAAAAAHHAAAA|5199|0.00000000000000000000|3033|0.00000000000000000000|1785|0.00000000000000000000|3339.0000000000000000
AAAAAAAAAAIAAAAA|5858|0.00000000000000000000|2509|0.00000000000000000000|1280|0.00000000000000000000|3215.6666666666666667
AAAAAAAAAAICAAAA|6029|0.00000000000000000000|2718|0.00000000000000000000|1402|0.00000000000000000000|3383.0000000000000000
AAAAAAAAAAIDAAAA|5962|0.00000000000000000000|3101|0.00000000000000000000|1865|0.00000000000000000000|3642.6666666666666667
AAAAAAAAAAIFAAAA|5113|0.00000000000000000000|2838|0.00000000000000000000|2194|0.00000000000000000000|3381.6666666666666667
AAAAAAAAAAIGAAAA|5141|0.00000000000000000000|3032|0.00000000000000000000|1262|0.00000000000000000000|3145.0000000000000000
AAAAAAAAAAIIAAAA|6476|0.00000000000000000000|2375|0.00000000000000000000|1223|0.00000000000000000000|3358.0000000000000000
AAAAAAAAAAJBAAAA|6273|0.00000000000000000000|2963|0.00000000000000000000|1704|0.00000000000000000000|3646.6666666666666667
AAAAAAAAAAJCAAAA|6615|0.00000000000000000000|2665|0.00000000000000000000|1340|0.00000000000000000000|3540.0000000000000000
AAAAAAAAAAJEAAAA|5309|0.00000000000000000000|2659|0.00000000000000000000|1554|0.00000000000000000000|3174.0000000000000000
AAAAAAAAAAJFAAAA|6244|0.00000000000000000000|2528|0.00000000000000000000|1851|0.00000000000000000000|3541.0000000000000000
AAAAAAAAAAJHAAAA|6335|0.00000000000000000000|2543|0.00000000000000000000|1228|0.00000000000000000000|3368.6666666666666667
AAAAAAAAAAJIAAAA|6081|0.00000000000000000000|2609|0.00000000000000000000|1872|0.00000000000000000000|3520.6666666666666667
AAAAAAAAAAKAAAAA|6111|0.00000000000000000000|3332|0.00000000000000000000|1878|0.00000000000000000000|3773.6666666666666667
AAAAAAAAAAKBAAAA|5484|0.00000000000000000000|3292|0.00000000000000000000|2273|0.00000000000000000000|3683.0000000000000000
AAAAAAAAAAKDAAAA|5832|0.00000000000000000000|2951|0.00000000000000000000|1051|0.00000000000000000000|3278.0000000000000000
AAAAAAAAAAKEAAAA|6327|0.00000000000000000000|3356|0.00000000000000000000|2269|0.00000000000000000000|3984.0000000000000000
AAAAAAAAAAKGAAAA|5831|0.00000000000000000000|2828|0.00000000000000000000|1971|0.00000000000000000000|3543.3333333333333333
AAAAAAAAAAKHAAAA|5194|0.00000000000000000000|3025|0.00000000000000000000|1648|0.00000000000000000000|3289.0000000000000000
AAAAAAAAAALAAAAA|6783|0.00000000000000000000|2656|0.00000000000000000000|1481|0.00000000000000000000|3640.0000000000000000
AAAAAAAAAALCAAAA|5319|0.00000000000000000000|2937|0.00000000000000000000|1388|0.00000000000000000000|3214.6666666666666667
AAAAAAAAAALDAAAA|6367|0.00000000000000000000|3014|0.00000000000000000000|1831|0.00000000000000000000|3737.3333333333333333
AAAAAAAAAALFAAAA|5484|0.00000000000000000000|3215|0.00000000000000000000|1188|0.00000000000000000000|3295.6666666666666667
AAAAAAAAAALGAAAA|6068|0.00000000000000000000|3550|0.00000000000000000000|1720|0.00000000000000000000|3779.3333333333333333
AAAAAAAAAALIAAAA|5888|0.00000000000000000000|2724|0.00000000000000000000|1618|0.00000000000000000000|3410.0000000000000000
AAAAAAAAAAMBAAAA|6185|0.00000000000000000000|3430|0.00000000000000000000|1715|0.00000000000000000000|3776.6666666666666667
AAAAAAAAAAMCAAAA|5816|0.00000000000000000000|3354|0.00000000000000000000|1436|0.00000000000000000000|3535.3333333333333333
AAAAAAAAAAMEAAAA|5980|0.00000000000000000000|2289|0.00000000000000000000|1720|0.00000000000000000000|3329.6666666666666667
AAAAAAAAAAMFAAAA|6158|0.00000000000000000000|2896|0.00000000000000000000|1596|0.00000000000000000000|3550.0000000000000000
AAAAAAAAAAMHAAAA|6218|0.00000000000000000000|2662|0.00000000000000000000|1809|0.00000000000000000000|3563.0000000000000000
AAAAAAAAAAMIAAAA|6623|0.00000000000000000000|2994|0.00000000000000000000|1762|0.00000000000000000000|3793.0000000000000000
AAAAAAAAAANAAAAA|6533|0.00000000000000000000|3816|0.00000000000000000000|2102|0.00000000000000000000|4150.3333333333333333
AAAAAAAAAANBAAAA|6431|0.00000000000000000000|3187|0.00000000000000000000|1523|0.00000000000000000000|3713.6666666666666667
AAAAAAAAAANDAAAA|6240|0.00000000000000000000|3150|0.00000000000000000000|1831|0.00000000000000000000|3740.3333333333333333
AAAAAAAAAANEAAAA|6055|0.00000000000000000000|3073|0.00000000000000000000|1850|0.00000000000000000000|3659.3333333333333333
AAAAAAAAAANGAAAA|7102|0.00000000000000000000|3383|0.00000000000000000000|1847|0.00000000000000000000|4110.6666666666666667
AAAAAAAAAANHAAAA|7001|0.00000000000000000000|2178|0.00000000000000000000|2185|0.00000000000000000000|3788.0000000000000000
AAAAAAAAAAOAAAAA|5855|0.00000000000000000000|3217|0.00000000000000000000|1295|0.00000000000000000000|3455.6666666666666667
AAAAAAAAAAOCAAAA|6058|0.00000000000000000000|3379|0.00000000000000000000|1427|0.00000000000000000000|3621.3333333333333333
AAAAAAAAAAODAAAA|7758|0.00000000000000000000|2701|0.00000000000000000000|1425|0.00000000000000000000|3961.3333333333333333
AAAAAAAAAAOFAAAA|5826|0.00000000000000000000|2877|0.00000000000000000000|1942|0.00000000000000000000|3548.3333333333333333
AAAAAAAAAAOGAAAA|6393|0.00000000000000000000|3141|0.00000000000000000000|1636|0.00000000000000000000|3723.3333333333333333
AAAAAAAAAAPBAAAA|6865|0.00000000000000000000|3518|0.00000000000000000000|1539|0.00000000000000000000|3974.0000000000000000
AAAAAAAAAAPCAAAA|6296|0.00000000000000000000|2606|0.00000000000000000000|1540|0.00000000000000000000|3480.6666666666666667
AAAAAAAAAAPEAAAA|6688|0.00000000000000000000|2917|0.00000000000000000000|1713|0.00000000000000000000|3772.6666666666666667
AAAAAAAAAAPFAAAA|6396|0.00000000000000000000|2452|0.00000000000000000000|1535|0.00000000000000000000|3461.0000000000000000
AAAAAAAAAAPHAAAA|5555|0.00000000000000000000|2926|0.00000000000000000000|1479|0.00000000000000000000|3320.0000000000000000
AAAAAAAAABAAAAAA|7638|0.00000000000000000000|3027|0.00000000000000000000|1605|0.00000000000000000000|4090.0000000000000000
AAAAAAAAABABAAAA|6175|0.00000000000000000000|2882|0.00000000000000000000|1864|0.00000000000000000000|3640.3333333333333333
AAAAAAAAABADAAAA|5421|0.00000000000000000000|3329|0.00000000000000000000|1855|0.00000000000000000000|3535.0000000000000000
AAAAAAAAABAEAAAA|7220|0.00000000000000000000|3032|0.00000000000000000000|1400|0.00000000000000000000|3884.0000000000000000
AAAAAAAAABAGAAAA|6600|0.00000000000000000000|2881|0.00000000000000000000|1834|0.00000000000000000000|3771.6666666666666667
AAAAAAAAABAHAAAA|5917|0.00000000000000000000|3109|0.00000000000000000000|1636|0.00000000000000000000|3554.0000000000000000
