960|3354776.38
930|3595074.92
956|3623587.21
925|3852214.09
818|7116065.21
977|7120415.22
790|7193428.23
757|7217371.77
915|7242414.37
785|7263374.63
969|7396620.02
820|7420048.47
893|7470126.90
774|10484061.56
711|10501791.68
990|10519080.72
920|10603805.89
821|10659542.77
720|10687763.32
773|10692680.60
941|10805180.43
698|10824821.71
682|10828436.24
744|10831836.91
676|10845838.92
909|10855941.83
870|10886987.10
793|11002746.09
910|11032235.75
951|11134970.61
928|11172612.27
913|13738900.17
795|14046275.47
765|14113832.39
983|14149283.94
974|14188900.21
887|14239350.29
697|14276822.34
848|14306126.62
828|14380973.44
772|14385604.46
837|14393328.25
841|14399240.15
766|14446993.48
530|14455731.85
851|14458538.55
886|14467206.48
784|14470421.31
709|14475860.53
811|14530857.86
853|14534394.46
880|14554069.61
938|14591804.92
836|14592129.57
822|14628107.79
908|14637674.24
838|14685235.73
950|14743671.51
993|14783834.65
842|14821699.27
710|17500806.36
979|17578354.73
734|17617046.24
798|17659779.71
689|17747041.98
933|17804499.52
675|17824086.57
782|17842847.38
936|17852087.90
997|17863937.13
771|17871351.49
794|17875969.70
745|17903880.26
803|17904095.66
669|17938532.31
992|17947388.83
713|17964022.53
678|17984185.41
775|18022193.05
797|18047723.96
670|18103101.37
714|18122667.56
740|18185820.53
686|18198442.03
898|18211207.45
957|18231529.40
840|18237632.11
806|18242953.51
965|18284509.00
844|18290075.91
942|18292866.01
696|18314652.89
885|18349924.21
738|18382444.56
902|18399051.74
789|18460277.47
929|21038538.39
824|21182410.62
867|21215699.82
780|21252609.03
