30001     |66454.30
30008     |57392.81
30026     |81203.32
30029     |263.04
30049     |4416.72
30056     |866.50
30059     |1445109.44
30068     |944.66
30069     |1563672.08
30116     |79485.27
30125     |95970.43
30128     |5075.76
30141     |71657.71
30149     |2060.49
30150     |1549772.09
30162     |1513225.84
30163     |4834.55
30164     |58226.48
30169     |1449682.95
30191     |1486252.56
30193     |2745.28
30194     |84504.93
30204     |1911.45
30216     |71039.21
30224     |564.45
30236     |1311.72
30244     |5101.51
30254     |2966.61
30262     |65284.92
30268     |100287.55
30275     |4279.30
30278     |180.23
30296     |72660.33
30297     |3778.70
30302     |64556.04
30307     |3656.82
30309     |65624.82
30311     |3201.17
30317     |995.94
30319     |55766.86
30320     |1193.15
30325     |1498.19
30330     |6925.97
30336     |3662.96
30344     |63154.35
30348     |8106.89
30369     |83063.73
30381     |3543.37
30382     |4636.84
30386     |4480.77
30399     |1591320.21
30407     |2274.96
30408     |80147.11
30411     |1665854.19
30414     |1301.72
30418     |75686.61
30419     |75969.32
30428     |1557.68
30444     |784.19
30445     |889.72
30451     |76716.94
30468     |1769.15
30481     |7343.14
30485     |2341.74
30492     |82089.05
30499     |1421056.31
30514     |4706.08
30519     |58731.10
30522     |3358.00
30525     |58469.77
30526     |2516.98
30534     |1526014.33
30540     |73733.98
30573     |68334.53
30580     |3220.36
30584     |6328.82
30587     |1494104.00
30589     |68700.86
30613     |2321.02
30618     |71877.40
30631     |67879.49
30634     |84435.61
30635     |87940.46
30636     |869.57
30647     |2791.73
30662     |10071.25
30663     |3368.75
30679     |1472.59
30681     |6939.86
30689     |3988.46
30702     |9611.30
30725     |73062.96
30732     |68608.66
30744     |77880.83
30757     |4202.28
30765     |1487.78
30766     |67635.76
30844     |3844.51
30851     |2047.90
30852     |46176.79
