1|1069365.56|1959598.015833333333
1|1103321.20|1959598.015833333333
1|1111979.16|1959598.015833333333
1|1143267.26|1959598.015833333333
1|1143616.61|1959598.015833333333
1|1150145.97|1959598.015833333333
1|1432229.99|1959598.015833333333
1|2516990.35|1959598.015833333333
1|2576308.53|1959598.015833333333
1|2593220.03|1959598.015833333333
1|3748853.26|1959598.015833333333
1|3925878.27|1959598.015833333333
2|440966.22|815104.302500000000
2|453489.61|815104.302500000000
2|454978.32|815104.302500000000
2|470659.57|815104.302500000000
2|481642.67|815104.302500000000
2|485516.66|815104.302500000000
2|633126.76|815104.302500000000
2|1035995.62|815104.302500000000
2|1059620.71|815104.302500000000
2|1083601.80|815104.302500000000
2|1561098.31|815104.302500000000
2|1620555.38|815104.302500000000
3|1333754.88|2444412.874166666667
3|1376248.76|2444412.874166666667
3|1383671.71|2444412.874166666667
3|1425672.29|2444412.874166666667
3|1426527.83|2444412.874166666667
3|1435106.84|2444412.874166666667
3|1762671.35|2444412.874166666667
3|3127291.19|2444412.874166666667
3|3195113.99|2444412.874166666667
3|3244708.78|2444412.874166666667
3|4736332.26|2444412.874166666667
3|4885854.61|2444412.874166666667
4|715538.51|1309981.915833333333
4|734956.10|1309981.915833333333
4|741914.31|1309981.915833333333
4|760525.31|1309981.915833333333
4|760992.28|1309981.915833333333
4|765326.14|1309981.915833333333
4|1019941.37|1309981.915833333333
4|1682607.64|1309981.915833333333
4|1700157.20|1309981.915833333333
4|1737914.65|1309981.915833333333
4|2506035.88|1309981.915833333333
4|2593873.60|1309981.915833333333
5|1335510.41|2445348.941666666667
5|1381375.14|2445348.941666666667
5|1391638.49|2445348.941666666667
5|1414101.68|2445348.941666666667
5|1424823.65|2445348.941666666667
5|1439371.93|2445348.941666666667
5|1777903.93|2445348.941666666667
5|3139587.49|2445348.941666666667
5|3192694.84|2445348.941666666667
5|3238006.83|2445348.941666666667
5|4713775.03|2445348.941666666667
5|4895397.88|2445348.941666666667
6|1071088.52|1959673.576666666667
6|1094867.56|1959673.576666666667
6|1105925.58|1959673.576666666667
6|1130968.89|1959673.576666666667
6|1131179.78|1959673.576666666667
6|1133907.18|1959673.576666666667
6|1502684.29|1959673.576666666667
6|2512848.88|1959673.576666666667
6|2550136.80|1959673.576666666667
6|2593425.98|1959673.576666666667
6|3763963.32|1959673.576666666667
6|3925086.14|1959673.576666666667
7|984687.52|1802538.092500000000
7|1006360.77|1802538.092500000000
7|1015788.14|1802538.092500000000
7|1039383.55|1802538.092500000000
7|1049209.45|1802538.092500000000
7|1053642.12|1802538.092500000000
7|1424065.21|1802538.092500000000
7|2290176.44|1802538.092500000000
7|2354644.38|1802538.092500000000
7|2388660.99|1802538.092500000000
7|3425994.46|1802538.092500000000
7|3597844.08|1802538.092500000000
8|1624822.96|2935825.675833333333
8|1652805.84|2935825.675833333333
8|1667252.19|2935825.675833333333
8|1697415.56|2935825.675833333333
8|1702417.78|2935825.675833333333
8|1718775.31|2935825.675833333333
8|2138342.54|2935825.675833333333
8|3771779.75|2935825.675833333333
8|3834351.96|2935825.675833333333
8|3889877.90|2935825.675833333333
8|5623042.16|2935825.675833333333
8|5909024.16|2935825.675833333333
9|1059467.75|1959968.750833333333
9|1092369.95|1959968.750833333333
9|1114770.56|1959968.750833333333
9|1132346.51|1959968.750833333333
