2001|1|34865|10.00|10|62.59|63.46|0|0|0
2001|1|35650|10.00|10|37.79|10.92|0|0|0
2001|1|44073|10.00|10|24.32|9.84|0|0|0
2001|1|45492|10.00|10|28.83|13.42|0|0|0
2001|1|52773|10.00|10|62.87|16.50|0|0|0
2001|1|56483|10.00|10|1.93|1.10|0|0|0
2001|1|58959|10.00|10|58.39|3.01|0|0|0
2001|1|66041|10.00|10|77.82|92.87|0|0|0
2001|1|120082|10.00|10|5.64|5.76|0|0|0
2001|1|139396|10.00|10|64.75|42.59|0|0|0
2001|1|142832|10.00|10|31.08|4.02|0|0|0
2001|1|143507|10.00|10|5.41|3.41|0|0|0
2001|1|152757|10.00|10|47.67|55.69|0|0|0
2001|1|157082|10.00|10|44.22|45.52|0|0|0
2001|1|163192|10.00|10|90.04|41.92|0|0|0
2001|1|171805|10.00|10|16.24|1.66|0|0|0
2001|1|207827|10.00|10|28.24|27.44|0|0|0
2001|1|227892|10.00|10|56.29|13.86|0|0|0
2001|1|231938|10.00|10|58.18|20.07|0|0|0
2001|1|239795|10.00|10|50.79|50.94|0|0|0
2001|1|258604|10.00|10|89.49|25.80|0|0|0
2001|1|268545|10.00|10|74.25|103.32|0|0|0
2001|1|275619|10.00|10|18.52|20.52|0|0|0
2001|1|288132|10.00|10|94.53|158.23|0|0|0
2001|1|296760|10.00|10|82.90|45.84|0|0|0
2001|1|306805|10.00|10|20.67|24.02|0|0|0
2001|1|336146|10.00|10|38.01|21.34|0|0|0
2001|1|336503|10.00|10|60.89|35.65|0|0|0
2001|1|343515|10.00|10|52.71|37.43|0|0|0
2001|1|349859|10.00|10|34.58|4.39|0|0|0
2001|1|359649|10.00|10|91.09|43.06|0|0|0
2001|1|375309|10.00|10|8.57|14.55|0|0|0
2001|1|381384|10.00|10|45.17|33.42|0|0|0
2001|1|382658|10.00|10|82.46|24.93|0|0|0
2001|1|392820|10.00|10|1.85|0.88|0|0|0
2001|1|486972|10.00|10|14.72|17.20|0|0|0
2001|1|487832|10.00|10|4.49|2.39|0|0|0
2001|1|488396|10.00|10|61.12|26.99|0|0|0
2001|1|524011|10.00|10|30.92|34.94|0|0|0
2001|1|527225|10.00|10|43.56|38.03|0|0|0
2001|1|536019|10.00|10|56.61|29.14|0|0|0
2001|1|550162|10.00|10|9.01|9.67|0|0|0
2001|1|582227|10.00|10|51.98|72.80|0|0|0
2001|1|640909|10.00|10|77.63|61.37|0|0|0
2001|1|647552|10.00|10|1.15|0.14|0|0|0
2001|1|653146|10.00|10|89.40|37.88|0|0|0
2001|1|667919|10.00|10|78.46|56.34|0|0|0
2001|1|681496|10.00|10|15.24|25.90|0|0|0
2001|1|681982|10.00|10|68.50|66.60|0|0|0
2001|1|686988|10.00|10|36.07|42.53|0|0|0
2001|1|734832|10.00|10|26.50|3.29|0|0|0
2001|1|734960|10.00|10|96.65|113.53|0|0|0
2001|1|753396|10.00|10|32.90|50.52|0|0|0
2001|1|767916|10.00|10|61.67|91.75|0|0|0
2001|1|780865|10.00|10|48.15|55.21|0|0|0
2001|1|792945|10.00|10|85.78|30.85|0|0|0
2001|1|796546|10.00|10|90.00|95.25|0|0|0
2001|1|799535|10.00|10|56.69|6.80|0|0|0
2001|1|859564|10.00|10|28.50|36.30|0|0|0
2001|1|863375|10.00|10|28.84|7.46|0|0|0
2001|1|886212|10.00|10|17.60|12.99|0|0|0
2001|1|909909|10.00|10|64.52|24.91|0|0|0
2001|1|913804|10.00|10|41.13|28.84|0|0|0
2001|1|930387|10.00|10|12.76|0.52|0|0|0
2001|1|930932|10.00|10|4.04|5.73|0|0|0
2001|1|948606|10.00|10|12.84|11.86|0|0|0
2001|1|958768|10.00|10|74.62|64.80|0|0|0
2001|1|972181|10.00|10|73.69|45.65|0|0|0
2001|1|978108|10.00|10|12.44|12.08|0|0|0
2001|1|992688|10.00|10|82.71|11.51|0|0|0
2001|1|1025354|10.00|10|91.31|61.79|0|0|0
2001|1|1029885|10.00|10|59.23|40.17|0|0|0
2001|1|1037302|10.00|10|27.95|7.58|0|0|0
2001|1|1051495|10.00|10|37.90|34.27|0|0|0
2001|1|1054750|10.00|10|57.60|52.80|0|0|0
2001|1|1069129|10.00|10|25.35|17.83|0|0|0
2001|1|1080685|10.00|10|47.72|32.54|0|0|0
2001|1|1086816|10.00|10|54.72|5.19|0|0|0
2001|1|1098389|10.00|10|45.71|5.51|0|0|0
2001|1|1098896|10.00|10|42.30|41.79|0|0|0
2001|1|1108219|10.00|10|64.29|34.22|0|0|0
2001|1|1111033|10.00|10|22.73|20.24|0|0|0
2001|1|1120973|10.00|10|23.99|26.66|0|0|0
2001|1|1126688|10.00|10|60.05|0.00|0|0|0
2001|1|1145459|10.00|10|59.49|53.35|0|0|0
2001|1|1146168|10.00|10|80.58|35.80|0|0|0
2001|1|1151675|10.00|10|52.01|41.37|0|0|0
2001|1|1153235|10.00|10|82.58|82.84|0|0|0
2001|1|1166941|10.00|10|99.00|145.05|0|0|0
2001|1|1193836|10.00|10|60.27|49.32|0|0|0
2001|1|1227538|10.00|10|69.91|44.59|0|0|0
2001|1|1237678|10.00|10|39.32|2.59|0|0|0
2001|1|1239217|10.00|10|85.83|97.46|0|0|0
2001|1|1245354|10.00|10|41.36|38.87|0|0|0
2001|1|1254093|10.00|10|62.25|78.88|0|0|0
2001|1|1388198|10.00|10|62.31|42.15|0|0|0
2001|1|1414938|10.00|10|6.26|1.35|0|0|0
2001|1|1426646|10.00|10|50.42|37.43|0|0|0
2001|1|1429494|10.00|10|22.17|3.13|0|0|0
2001|1|1433026|10.00|10|27.05|14.06|0|0|0
