60|0.00
174|0.00
213|0.00
292|0.00
362|0.00
418|0.00
445|0.00
610|0.00
622|0.00
624|0.00
685|0.00
972|0.00
1220|0.00
1224|0.00
1236|0.00
1375|0.00
1491|0.00
1558|0.00
1754|0.00
2073|0.00
2084|0.00
2245|0.00
2254|0.00
2532|0.00
2722|0.00
2746|0.00
2771|0.00
2930|0.00
2957|0.00
2993|0.00
3048|0.00
3055|0.00
3085|0.00
3094|0.00
3150|0.00
3243|0.00
3249|0.00
3376|0.00
3475|0.00
3497|0.00
3690|0.00
3745|0.00
3774|0.00
3906|0.00
4218|0.00
4234|0.00
4254|0.00
4279|0.00
4330|0.00
4342|0.00
4461|0.00
4546|0.00
4553|0.00
4600|0.00
4703|0.00
4809|0.00
4811|0.00
4949|0.00
4952|0.00
4966|0.00
5044|0.00
5083|0.00
5162|0.00
5364|0.00
5513|0.00
5601|0.00
5815|0.00
5904|0.00
5905|0.00
5963|0.00
6104|0.00
6206|0.00
6328|0.00
6340|0.00
6379|0.00
6396|0.00
6415|0.00
6526|0.00
6562|0.00
6612|0.00
6655|0.00
6690|0.00
6721|0.00
6733|0.00
6796|0.00
6957|0.00
7008|0.00
7175|0.00
7211|0.00
7305|0.00
7602|0.00
7618|0.00
7679|0.00
7707|0.00
7798|0.00
7920|0.00
7958|0.00
7981|0.00
8005|0.00
8114|0.00
