AAAAAAAAAAABAAAA|50.8582887700535|108.6995454545454545|312.3481550802139037|52.8127272727272727
AAAAAAAAAAACAAAA|50.7777777777778|100.9054742547425474|225.2951761517615176|50.9062601626016260
AAAAAAAAAAAEAAAA|52.6861111111111|98.5663888888888889|322.9890277777777778|47.4757500000000000
AAAAAAAAAAAFAAAA|52.0922190201729|103.2321037463976945|256.3333717579250720|52.7557348703170029
AAAAAAAAAAAHAAAA|52.0597402597403|103.6996883116883117|243.9484935064935065|53.1635064935064935
AAAAAAAAAAAIAAAA|48.2203856749311|99.3139118457300275|163.3145730027548209|47.9837465564738292
AAAAAAAAAABAAAAA|48.3168831168831|100.4204155844155844|289.5434805194805195|50.8299480519480519
AAAAAAAAAABBAAAA|49.6865284974093|97.9382383419689119|296.9619170984455959|52.8587305699481865
AAAAAAAAAABDAAAA|49.0255591054313|99.5020447284345048|242.6571565495207668|50.2193290734824281
AAAAAAAAAABEAAAA|51.0056818181818|101.1267613636363636|190.3971875000000000|50.0416477272727273
AAAAAAAAAABGAAAA|49.3214285714286|103.2482142857142857|243.4795535714285714|51.5581547619047619
AAAAAAAAAABHAAAA|52.1560846560847|97.2984391534391534|221.7851587301587302|50.0040740740740741
AAAAAAAAAACAAAAA|49.4147058823529|99.3512058823529412|235.8002058823529412|48.2580882352941176
AAAAAAAAAACCAAAA|49.4235924932976|95.0987935656836461|235.2965951742627346|43.8026273458445040
AAAAAAAAAACDAAAA|51.2950819672131|101.7035519125683060|376.9221311475409836|50.5255737704918033
AAAAAAAAAACFAAAA|49.6971153846154|97.5397596153846154|282.8125000000000000|48.4189903846153846
AAAAAAAAAACGAAAA|52.3029490616622|100.4978284182305630|246.3302680965147453|49.7686863270777480
AAAAAAAAAACIAAAA|52.2408376963351|99.5851047120418848|293.3700261780104712|49.7357591623036649
AAAAAAAAAADBAAAA|50.0535211267606|103.5027323943661972|279.5848169014084507|50.6658873239436620
AAAAAAAAAADCAAAA|47.528125|106.1893750000000000|220.9232500000000000|47.6380625000000000
AAAAAAAAAADEAAAA|53.0619469026549|104.8853687315634218|386.9572861356932153|50.7183480825958702
AAAAAAAAAADFAAAA|49.88|99.3779428571428571|316.9127714285714286|51.5690285714285714
AAAAAAAAAADHAAAA|50.9221902017291|100.3192219020172911|213.4434870317002882|48.5059365994236311
AAAAAAAAAADIAAAA|50.4145658263305|106.9785154061624650|274.6864985994397759|55.0786834733893557
AAAAAAAAAAEAAAAA|49.3530927835052|103.8053350515463918|273.3780927835051546|50.0164175257731959
AAAAAAAAAAEBAAAA|51.4219178082192|100.8172054794520548|313.2396712328767123|47.9723013698630137
AAAAAAAAAAEDAAAA|50.4137931034483|100.9631773399014778|273.3967241379310345|49.6386699507389163
AAAAAAAAAAEEAAAA|49.0941828254848|97.0728254847645429|141.8208587257617729|47.3192797783933518
AAAAAAAAAAEGAAAA|52.296918767507|107.1525490196078431|216.7619327731092437|54.0108963585434174
AAAAAAAAAAEHAAAA|51.4642857142857|95.9839880952380952|185.9706250000000000|45.5393452380952381
AAAAAAAAAAFAAAAA|50.1488764044944|99.8811235955056180|293.2064606741573034|52.2412359550561798
AAAAAAAAAAFCAAAA|48.0530726256983|104.7213687150837989|298.6487430167597765|53.5328212290502793
AAAAAAAAAAFDAAAA|50.6169154228856|101.2965920398009950|226.9568407960199005|52.2955721393034826
AAAAAAAAAAFFAAAA|50.8938271604938|104.5734567901234568|281.7422962962962963|53.9134320987654321
AAAAAAAAAAFGAAAA|48.3470031545741|98.6774763406940063|190.2362460567823344|52.3481703470031546
AAAAAAAAAAFIAAAA|51.0527859237537|101.4567741935483871|218.8089442815249267|46.9349560117302053
AAAAAAAAAAGBAAAA|50.4771573604061|101.4580203045685279|221.9940101522842640|47.0164974619289340
AAAAAAAAAAGCAAAA|51.2830188679245|101.9385444743935310|257.9835849056603774|48.3806738544474394
AAAAAAAAAAGEAAAA|52.1375661375661|106.7661375661375661|350.8365608465608466|53.0427248677248677
AAAAAAAAAAGFAAAA|50.4281609195402|93.4387643678160920|232.3317241379310345|48.2042241379310345
AAAAAAAAAAGHAAAA|50.0619718309859|101.5009577464788732|371.0377464788732394|50.0529295774647887
AAAAAAAAAAGIAAAA|52.4302670623145|101.0622255192878338|269.3779525222551929|50.1513649851632047
AAAAAAAAAAHAAAAA|51.1848484848485|93.1603030303030303|244.2631515151515152|46.1337878787878788
AAAAAAAAAAHBAAAA|49.9043715846995|99.5162568306010929|313.3294808743169399|51.2145628415300546
AAAAAAAAAAHDAAAA|51.0287356321839|101.2609482758620690|253.9517241379310345|49.5761781609195402
AAAAAAAAAAHEAAAA|49.0984042553191|100.1020212765957447|226.4502925531914894|49.1064095744680851
AAAAAAAAAAHGAAAA|50.9667590027701|101.1004709141274238|226.5397783933518006|50.7200000000000000
AAAAAAAAAAHHAAAA|50.9323308270677|98.5109774436090226|271.3821303258145363|46.3720300751879699
AAAAAAAAAAIAAAAA|50.6968838526912|108.1772237960339943|273.9115864022662890|55.5616430594900850
AAAAAAAAAAICAAAA|47.8684210526316|100.7968684210526316|339.0215000000000000|51.5494736842105263
AAAAAAAAAAIDAAAA|50.9698630136986|100.5164931506849315|351.0026575342465753|49.3462191780821918
AAAAAAAAAAIFAAAA|51.5193236714976|101.4541545893719807|374.8149758454106280|50.9271497584541063
AAAAAAAAAAIGAAAA|50.2197802197802|101.2090109890109890|273.3677747252747253|52.3049175824175824
AAAAAAAAAAIIAAAA|48.7588235294118|100.0800294117647059|225.9630000000000000|49.4761470588235294
AAAAAAAAAAJBAAAA|50.9971830985915|99.6895211267605634|321.3583661971830986|50.1924788732394366
AAAAAAAAAAJCAAAA|51.9801136363636|105.7264204545454545|194.2123011363636364|48.1917045454545455
AAAAAAAAAAJEAAAA|52.2653631284916|104.7805307262569832|342.2143575418994413|54.5941061452513966
AAAAAAAAAAJFAAAA|49.3496143958869|97.1222879177377892|201.6843958868894602|49.0447814910025707
AAAAAAAAAAJHAAAA|50.5384615384615|104.0325000000000000|233.0803846153846154|51.6976923076923077
AAAAAAAAAAJIAAAA|50.1232492997199|99.2620448179271709|326.3434733893557423|51.8532773109243697
AAAAAAAAAAKAAAAA|47.5915119363395|96.9615384615384615|146.5009549071618037|47.0792838196286472
AAAAAAAAAAKBAAAA|49.2475570032573|101.0016938110749186|250.3076221498371336|50.4578827361563518
AAAAAAAAAAKDAAAA|51.6201117318436|106.8787150837988827|351.3091620111731844|54.7188268156424581
AAAAAAAAAAKEAAAA|48.5771276595745|100.5526329787234043|221.1563031914893617|51.2471542553191489
AAAAAAAAAAKGAAAA|49.2166246851385|94.4370277078085642|301.5585894206549118|47.7377833753148615
AAAAAAAAAAKHAAAA|49.168|106.3848800000000000|223.4962133333333333|50.7096000000000000
AAAAAAAAAALAAAAA|48.9054054054054|101.6077837837837838|148.9547837837837838|52.8582432432432432
AAAAAAAAAALCAAAA|51.2194513715711|102.3255361596009975|271.8830922693266833|52.9860099750623441
AAAAAAAAAALDAAAA|51.1194444444444|101.3985833333333333|236.5326666666666667|53.3943055555555556
AAAAAAAAAALFAAAA|50.4225352112676|93.0663943661971831|239.4321408450704225|44.2389577464788732
AAAAAAAAAALGAAAA|49.5811965811966|105.3520227920227920|271.5115954415954416|56.9970655270655271
AAAAAAAAAALIAAAA|51.1689750692521|105.3858448753462604|371.7634349030470914|52.9627423822714681
AAAAAAAAAAMBAAAA|49.9756756756757|100.4839459459459459|276.9129729729729730|54.8771351351351351
AAAAAAAAAAMCAAAA|49.9634831460674|99.7216292134831461|363.9969943820224719|50.3817134831460674
AAAAAAAAAAMEAAAA|50.1132596685083|101.0156077348066298|239.0245303867403315|54.5532044198895028
AAAAAAAAAAMFAAAA|51.5524861878453|94.7088950276243094|223.5191988950276243|46.1812154696132597
AAAAAAAAAAMHAAAA|50.4827586206897|102.8857389162561576|262.7688423645320197|49.2848029556650246
AAAAAAAAAAMIAAAA|51.1866295264624|94.9832311977715877|245.4122562674094708|46.8486908077994429
AAAAAAAAAANAAAAA|54.3389355742297|97.9914565826330532|227.3442016806722689|45.0745938375350140
AAAAAAAAAANBAAAA|49.3133514986376|98.9071389645776567|149.8926702997275204|46.2053950953678474
AAAAAAAAAANDAAAA|50.3890410958904|97.7885753424657534|260.3213424657534247|50.8966301369863014
AAAAAAAAAANEAAAA|50.0844327176781|102.4128759894459103|339.2645382585751979|51.6873614775725594
AAAAAAAAAANGAAAA|48.5473684210526|94.8026315789473684|209.1817631578947368|49.5767894736842105
AAAAAAAAAANHAAAA|47.4558404558405|104.4421937321937322|411.5025925925925926|53.3302849002849003
AAAAAAAAAAOAAAAA|52.8594594594595|91.9792702702702703|205.1554864864864865|46.3472432432432432
AAAAAAAAAAOCAAAA|47.8527131782946|99.3762015503875969|213.3128682170542636|50.4029198966408269
AAAAAAAAAAODAAAA|52.2307692307692|104.7831564986737401|282.5997877984084881|53.1464456233421751
AAAAAAAAAAOFAAAA|50.6933333333333|97.2852800000000000|191.8176800000000000|47.8297066666666667
AAAAAAAAAAOGAAAA|51.3401759530792|102.0382991202346041|320.4852492668621701|52.9342815249266862
AAAAAAAAAAPBAAAA|51.621546961326|107.3581491712707182|193.6022651933701657|53.3910497237569061
AAAAAAAAAAPCAAAA|50.8820512820513|99.8926410256410256|244.8817179487179487|49.1232564102564103
AAAAAAAAAAPEAAAA|50.5333333333333|102.4448800000000000|377.5784533333333333|49.6427200000000000
AAAAAAAAAAPFAAAA|50.6186868686869|106.7768181818181818|253.4607575757575758|56.2216666666666667
AAAAAAAAAAPHAAAA|47.8571428571429|97.2157692307692308|154.5450824175824176|46.0702747252747253
AAAAAAAAABAAAAAA|50.1253644314869|93.2902915451895044|155.5937900874635569|45.6813994169096210
AAAAAAAAABABAAAA|51.8666666666667|99.0920800000000000|235.8971200000000000|48.0140800000000000
AAAAAAAAABADAAAA|50.1242774566474|103.9321965317919075|298.2246242774566474|55.5986705202312139
AAAAAAAAABAEAAAA|51.6107784431138|98.1747005988023952|285.5640718562874251|48.3909880239520958
AAAAAAAAABAGAAAA|52.514367816092|104.1418390804597701|303.9695402298850575|54.6064367816091954
AAAAAAAAABAHAAAA|48.0732394366197|93.0509859154929577|175.1376901408450704|42.5318873239436620
