catalog|1001001|1|1|189385724.19|37332
catalog|1001001|1|2|189452242.77|37340
catalog|1001001|1|3|150774936.91|29311
catalog|1001001|1|4|213216389.76|41715
catalog|1001001|1|5|107431836.30|20808
catalog|1001001|1|6|169299388.83|33262
catalog|1001001|1|7|126974655.92|24831
catalog|1001001|1|8|168941335.34|33066
catalog|1001001|1|9|148110441.82|29171
catalog|1001001|1|10|149193503.91|29073
catalog|1001001|1||1612780455.75|315909
catalog|1001001|2|1|20692122.76|4073
catalog|1001001|2|2|63988434.75|12475
catalog|1001001|2|3|42157979.94|8282
catalog|1001001|2|4|41505909.30|8213
catalog|1001001|2|5|42241307.68|8358
catalog|1001001|2|7|21334584.77|4158
catalog|1001001|2|8|20963178.10|4128
catalog|1001001|2||252883517.30|49687
catalog|1001001|3|1|63012524.98|12557
catalog|1001001|3|2|84381654.74|16606
catalog|1001001|3|3|20573778.40|4067
catalog|1001001|3|4|106360848.08|20853
catalog|1001001|3|5|42475744.90|8265
catalog|1001001|3|6|20073195.99|4068
catalog|1001001|3|7|21539784.00|4184
catalog|1001001|3|8|21479796.71|4146
catalog|1001001|3|9|21866089.39|4219
catalog|1001001|3|10|21003032.83|4185
catalog|1001001|3||422766450.02|83150
catalog|1001001|4|1|107319476.23|20932
catalog|1001001|4|2|62519758.25|12440
catalog|1001001|4|3|20426789.16|4017
catalog|1001001|4|4|42060471.85|8276
catalog|1001001|4|10|21301376.33|4128
catalog|1001001|4||253627871.82|49793
catalog|1001001|5|9|42298367.95|8296
catalog|1001001|5|10|42382296.75|8267
catalog|1001001|5||84680664.70|16563
catalog|1001001|6|7|21048622.54|4101
catalog|1001001|6|9|42579966.11|8306
catalog|1001001|6||63628588.65|12407
catalog|1001001|7|7|20186237.54|4096
catalog|1001001|7||20186237.54|4096
catalog|1001001|8|7|43077017.35|8373
catalog|1001001|8|9|20715200.60|4108
catalog|1001001|8|10|42468479.39|8212
catalog|1001001|8||106260697.34|20693
catalog|1001001|9|6|21543527.32|4207
catalog|1001001|9|7|21181421.05|4132
catalog|1001001|9|8|42375929.50|8360
catalog|1001001|9|9|21258594.18|4103
catalog|1001001|9||106359472.05|20802
catalog|1001001|10|6|21283108.38|4214
catalog|1001001|10|9|21433703.48|4207
catalog|1001001|10|10|22113362.47|4258
catalog|1001001|10||64830174.33|12679
catalog|1001001|11|9|64121955.33|12516
catalog|1001001|11|10|21390785.46|4126
catalog|1001001|11||85512740.79|16642
catalog|1001001|12|8|21132353.05|4199
catalog|1001001|12|10|20780704.09|4182
catalog|1001001|12||41913057.14|8381
catalog|1001001|13|6|21705766.23|4094
catalog|1001001|13|7|21260013.97|4239
catalog|1001001|13||42965780.20|8333
catalog|1001001|14|6|42616060.21|8389
catalog|1001001|14||42616060.21|8389
catalog|1001001|15|8|21614995.30|4170
catalog|1001001|15|9|42944454.79|8392
catalog|1001001|15|10|42579440.96|8320
catalog|1001001|15||107138891.05|20882
catalog|1001001|16|8|21262690.01|4140
catalog|1001001|16|10|20320336.91|3985
catalog|1001001|16||41583026.92|8125
catalog|1001001|||3349733685.81|656531
catalog|1001002|1|1|5156969969.97|1010323
catalog|1001002|1||5156969969.97|1010323
catalog|1001002|2|1|192570204.21|37309
catalog|1001002|2||192570204.21|37309
catalog|1001002|3|1|294530594.03|57978
catalog|1001002|3||294530594.03|57978
catalog|1001002|4|1|274638117.21|53975
catalog|1001002|4||274638117.21|53975
catalog|1001002|5|1|64602676.77|12700
catalog|1001002|5||64602676.77|12700
catalog|1001002|6|1|64717215.81|12631
catalog|1001002|6||64717215.81|12631
catalog|1001002|7|1|104911835.23|20459
catalog|1001002|7||104911835.23|20459
catalog|1001002|8|1|63896291.85|12364
catalog|1001002|8||63896291.85|12364
catalog|1001002|9|1|61769208.83|12187
catalog|1001002|9||61769208.83|12187
catalog|1001002|11|1|21041190.35|4121
catalog|1001002|11||21041190.35|4121
catalog|1001002|12|1|84904346.67|16448
catalog|1001002|12||84904346.67|16448
catalog|1001002|14|1|20787261.35|4143
catalog|1001002|14||20787261.35|4143
