1|23739|1|217|1.5337432022837604|1|23739|2|392|1.1005221489895128
1|26647|1|164.5|1.5479014992884012|1|26647|2|334.5|1.1100873152451091
2|27095|1|187.5|1.5326908799015307|2|27095|2|418.75|1.0208638673047570
2|31213|1|238|1.5009589007154370|2|31213|2|374|1.1108266163913663
2|33355|1|202|1.7794120446883267|2|33355|2|399|1.1364839372194185
3|4113|1|192.75|1.7449673639796368|3|4113|2|343.25|1.2459770949039184
3|10917|1|180|1.6336545413562278|3|10917|2|300|1.1699540984981400
3|16465|1|181.5|1.5448790850428099|3|16465|2|401.5|1.0324529369169838
3|18611|1|203|1.5965303689125222|3|18611|2|281.5|1.2403804767890373
3|22039|1|102|1.6040725754697255|3|22039|2|338.5|1.0823285431818612
4|11331|1|209|1.6530529214123493|4|11331|2|481.75|1.0538217376150285
4|22145|1|174.25|1.5067695695651306|4|22145|2|342.75|1.0483905053045485
4|34735|1|125.25|1.5233590819648144|4|34735|2|242|1.1219953133328802
5|31683|1|148.25|1.8262739550563508|5|31683|2|336|1.0804350293320327
