able|AAAAAAAAMFAAAAAA|89096178.10|82254563.45|82360404.24|83140491.27|84585822.72|84543898.21|88016801.40
anti|AAAAAAAADHAAAAAA|89255074.13|82139418.26|82202266.37|83500058.14|84838605.49|84899079.66|88178336.61
anti|AAAAAAAAFFAAAAAA|88722515.39|82485999.79|82501648.82|84003248.52|84770886.25|84839359.20|87989178.46
ation|AAAAAAAABGAAAAAA|88974139.19|82569734.32|81757748.35|83615269.80|84603495.52|84860825.10|88076523.90
ation|AAAAAAAADEAAAAAA|88965681.29|82776637.96|82258344.12|83762715.87|84816398.80|84495039.33|88250033.39
ation|AAAAAAAAFCAAAAAA|88910262.76|82033374.69|82784576.09|83879923.47|84746366.10|84823984.48|87904870.56
ation|AAAAAAAAHAAAAAAA|89022269.12|82864266.96|82430097.84|83528529.69|84395309.39|84324091.16|87961968.01
bar|AAAAAAAACDAAAAAA|89027533.70|82390061.70|82293095.18|83426702.52|84805464.05|84862168.07|88089286.88
bar|AAAAAAAAEGAAAAAA|88909141.61|82410068.43|82109107.42|83632971.67|84567276.44|84924562.23|88235954.68
bar|AAAAAAAAKAAAAAAA|88723105.90|82122627.64|82177978.55|83565821.64|84695444.54|84865214.95|88253732.77
bar|AAAAAAAAOGAAAAAA|88940053.61|82342315.35|82578014.28|83670180.34|84585802.93|84836043.29|87818744.04
cally|AAAAAAAAGFAAAAAA|89052747.22|82473869.14|82470806.50|83638107.66|85160195.29|84657047.55|87786275.71
cally|AAAAAAAAKBAAAAAA|89091802.93|82155199.81|82709320.66|83583850.25|84910011.97|84568625.64|87684522.92
cally|AAAAAAAAKGAAAAAA|88503938.53|82629007.73|82357934.39|83719591.30|84698623.00|84877176.54|87732415.25
cally|AAAAAAAAMEAAAAAA|89297159.68|82532978.97|82364927.60|83616175.09|84681308.78|84711338.51|88158023.11
cally|AAAAAAAAOCAAAAAA|88861492.29|82515508.26|82134399.92|83498577.08|85100575.64|85288175.12|88284572.63
eing|AAAAAAAACGAAAAAA|88949156.15|82381984.44|82432909.52|83663538.43|84724606.62|84876110.17|88124510.29
eing|AAAAAAAAEEAAAAAA|88779671.98|82378834.65|82881007.53|83773294.34|84878386.58|84424400.82|87695037.03
eing|AAAAAAAAKDAAAAAA|89003075.53|82238065.13|82431613.30|83490403.51|84380145.85|84492994.92|87642661.80
ese|AAAAAAAAEAAAAAAA|89088837.62|82752408.83|82245655.91|83604342.07|84631566.31|84706879.69|87704946.87
n st|AAAAAAAABDAAAAAA|88947159.34|82336860.28|82322135.32|83671321.50|85302303.54|84923784.57|87858599.13
ought|AAAAAAAABAAAAAAA|89032088.43|82764428.92|82101812.71|83382785.95|84747991.58|84547713.17|88075940.87
ought|AAAAAAAALFAAAAAA|88887178.84|82484584.20|82162444.00|83403992.53|84871194.54|84472566.15|87998708.80
ought|AAAAAAAANDAAAAAA|88649999.99|82423218.20|82177125.36|83214372.78|84719454.97|84464382.07|87910341.37
ought|AAAAAAAAPBAAAAAA|88987637.43|82249556.38|82691769.98|83429954.46|84707967.17|84699711.93|88346904.89
pri|AAAAAAAANAAAAAAA|88929680.00|82382717.64|82442786.39|83613295.98|84842859.86|84483736.50|87918465.06
