805|277019.76|478657.392500000000
805|292868.15|478657.392500000000
805|838975.21|478657.392500000000
642|275185.94|480312.887500000000
642|286556.03|480312.887500000000
642|850548.88|480312.887500000000
776|276974.17|480471.475000000000
776|288625.48|480471.475000000000
776|846855.54|480471.475000000000
344|278731.27|481501.780000000000
344|293840.94|481501.780000000000
344|835524.13|481501.780000000000
941|272136.48|481759.412500000000
941|298656.43|481759.412500000000
941|842828.34|481759.412500000000
406|276711.89|481888.412500000000
406|303560.88|481888.412500000000
406|837944.50|481888.412500000000
678|277316.49|481947.052500000000
678|289751.50|481947.052500000000
678|844721.58|481947.052500000000
579|283225.94|482416.580000000000
579|292067.96|482416.580000000000
579|841199.70|482416.580000000000
528|275357.17|482718.365000000000
528|295801.71|482718.365000000000
528|845343.86|482718.365000000000
509|270270.80|482857.480000000000
509|299870.10|482857.480000000000
509|844373.76|482857.480000000000
573|269333.42|482955.040000000000
573|292802.07|482955.040000000000
573|858593.79|482955.040000000000
409|275908.24|483025.562500000000
409|291173.59|483025.562500000000
409|848273.26|483025.562500000000
331|275294.18|483063.257500000000
331|295164.83|483063.257500000000
331|853122.21|483063.257500000000
165|278365.35|483082.615000000000
165|297967.66|483082.615000000000
165|850253.81|483082.615000000000
652|274348.20|483172.597500000000
652|295270.97|483172.597500000000
652|855763.99|483172.597500000000
541|279733.94|483407.752500000000
541|297651.75|483407.752500000000
541|832479.26|483407.752500000000
148|270551.54|483448.295000000000
148|306776.66|483448.295000000000
148|847013.19|483448.295000000000
792|274854.43|483739.317500000000
792|293537.48|483739.317500000000
792|860775.45|483739.317500000000
819|277166.40|483742.965000000000
819|302534.07|483742.965000000000
819|849244.04|483742.965000000000
320|273695.17|483837.457500000000
320|305830.22|483837.457500000000
320|845508.81|483837.457500000000
732|282575.31|483891.712500000000
732|291043.74|483891.712500000000
732|843949.04|483891.712500000000
508|276417.73|483958.882500000000
508|291469.19|483958.882500000000
508|853515.58|483958.882500000000
280|278811.75|484010.840000000000
280|298694.48|484010.840000000000
280|854494.38|484010.840000000000
345|278287.34|484110.920000000000
345|294096.88|484110.920000000000
345|852114.16|484110.920000000000
66|280864.13|484167.150000000000
66|294824.88|484167.150000000000
66|846980.89|484167.150000000000
515|281430.12|484434.400000000000
515|297727.24|484434.400000000000
515|843649.16|484434.400000000000
962|278953.51|484476.487500000000
962|295209.06|484476.487500000000
962|852929.37|484476.487500000000
974|278949.40|484518.585000000000
974|298911.40|484518.585000000000
974|845825.13|484518.585000000000
440|285044.33|484562.442500000000
440|299063.48|484562.442500000000
440|843602.46|484562.442500000000
743|273087.48|484590.142500000000
743|301526.12|484590.142500000000
743|846284.63|484590.142500000000
199|275149.55|484735.725000000000
199|294806.49|484735.725000000000
199|859538.73|484735.725000000000
787|278447.21|484893.217500000000
787|307566.47|484893.217500000000
787|845484.36|484893.217500000000
361|277519.34|484926.160000000000
361|291117.62|484926.160000000000
361|858197.68|484926.160000000000
13|280084.28|485001.137500000000
